1235,912,7
912,912,1
912,4395,13
4395,2829,41
2829,2385,51
3755,3054,5
2829,2771,8
2771,2832,9
2832,2212,27
2212,2425,52
2425,3526,9
2832,1765,35
2832,2829,509
3449,3755,31
1125,1840,2
1840,4761,97
4761,4226,28
4226,3526,62
3449,4620,7
4620,1676,6
1676,2832,19
2832,2750,48
2750,3356,31
3356,1837,21
1837,3966,14
3966,3526,70
3526,3718,34
3718,4611,11
4611,2829,496
93,2829,64
2832,1208,31
1208,3700,84
3700,2986,2
2832,1965,33
1965,1381,3
1381,3235,12
3700,3449,16
3449,1965,35
1965,812,3
812,912,9
912,2991,10
2991,3919,24
3919,3757,18
2829,909,105
3,2703,12
2829,4909,122
4909,2781,3
1226,2986,25
2832,909,2
909,2832,20
2832,3757,12
3757,4611,1
4611,2732,1
2732,5022,48
5022,2829,69
2832,4268,18
4611,2308,74
2184,4483,8
3526,2986,40
4909,3449,7
3757,3526,13
3526,4732,4
2358,2732,3
5022,1914,3
3757,2732,3
2732,184,1
184,5022,2
2832,4732,8
3700,4611,12
4268,4904,3
4904,407,3
407,4759,1
4759,1082,4
1082,1765,4
1765,4611,10
2750,4620,5
4620,2986,22
2986,912,44
912,3127,2
3127,3110,7
3700,4395,23
4395,194,12
194,4073,3
4073,2832,87
2832,2856,21
3700,912,4
3751,2829,22
1208,1765,2
1765,3700,4
1965,2865,2
2865,2832,13
2832,3301,7
3301,421,1
2986,4732,28
3700,2703,17
2703,2590,17
3526,3919,50
3919,3139,10
3139,990,3
990,2832,58
1765,4773,3
4773,909,2
1563,2829,1
4395,2704,1
2704,1965,12
1965,3526,72
2929,1849,4
1765,3449,13
634,1345,1
3110,3700,1
3751,2750,1
2750,421,1
421,634,38
634,2829,11
5001,2832,7
2358,437,1
1125,4773,161
4773,1403,1
3526,4594,48
4594,2829,9
1631,3526,4
1125,671,2
671,4611,32
2829,1819,11
1819,2832,6
2143,437,4
437,1082,3
4773,2829,19
2829,2258,58
2258,4956,11
4395,3526,33
1965,2143,5
2143,3449,76
3449,1381,47
3491,2986,41
4594,3700,1
3449,2358,11
2757,4611,9
3356,3054,36
3054,990,8
4611,2986,208
2832,4956,6
4956,3526,34
4268,4611,22
4611,2012,14
1082,2703,3
3757,2703,5
2703,2829,119
2832,2425,4
2425,3235,7
2329,2027,12
2027,93,1
671,3163,20
3163,93,1
1765,3301,3
3301,2929,1
2703,912,6
912,3235,2
3235,3919,7
3301,4611,2
2986,4909,5
1381,3449,6
1965,2991,30
2991,4911,1
2832,2308,59
2012,4732,2
2308,5001,7
5001,4611,2
1235,2986,58
2829,1995,59
2829,2425,5
4456,3757,1
3757,3491,2
3491,1849,4
3751,2732,2
2184,3718,1
3718,812,2
2703,3054,14
3054,4338,6
4338,3779,2
2750,1125,17
3526,2732,14
2732,2986,3
3449,4005,5
3755,421,1
3718,2986,14
2829,2442,106
2442,4956,15
3449,4073,4
2556,244,2
244,1139,5
1139,3449,10
3449,3127,43
3127,2703,1
2949,2829,15
1765,2991,13
2991,634,72
2358,2143,6
1381,4268,3
3912,2929,32
2832,2143,87
1381,2732,3
1526,3755,2
2750,1837,10
1837,912,2
916,4761,4
912,1840,3
1125,3491,3
3491,2829,116
2991,2986,5
2986,2751,82
2751,4456,3
4456,1849,2
1849,3700,7
3700,4372,26
4372,1526,1
2991,1381,2
1381,3919,2
3919,4620,10
4620,912,9
1965,3235,12
3235,2143,2
2143,4268,6
4268,1082,13
1082,1381,4
1965,2203,22
2203,3458,3
3458,3700,38
3700,3235,6
3235,1381,4
1381,3054,6
2991,2751,5
2751,2832,72
2732,3127,4
3127,3700,32
3700,1526,2
2991,912,11
912,4620,2
286,912,5
912,1837,16
1837,4904,8
4904,1235,10
1235,286,8
286,4231,2
4231,1526,1
912,4594,3
4594,3127,5
4395,3091,11
2991,3356,17
3356,4268,2
4611,4732,14
4732,4956,16
4956,1526,1
912,2732,2
2704,1526,1
912,3919,4
3139,1914,4
1914,3,3
728,4338,35
2949,1837,2
1837,3356,3
1837,4761,2
2829,4426,58
4426,3301,49
3526,3779,3
4395,1849,19
4894,2703,1
2986,2771,4
2771,4759,1
4759,2832,47
2856,2737,2
2832,912,87
912,3491,5
3491,1914,16
3356,425,86
425,3718,41
3718,2703,16
1765,4395,4
4395,3035,1
3035,2829,1
1765,912,2
912,2832,2
1965,1765,8
4611,2751,3
2751,3966,6
3966,244,3
244,2865,1
2865,2556,2
2556,3449,19
3449,1139,8
4205,2703,33
2703,2737,7
2737,1765,11
1765,4241,3
3127,3649,12
3649,3356,2
3718,1965,15
3235,634,73
634,1235,5
1235,2829,126
2829,912,36
912,4611,13
4611,1914,28
4257,2829,7
909,3649,37
2832,1381,14
3515,634,19
3700,1125,4
1125,3235,20
3301,3526,3
3526,101,4
101,2258,36
2258,4611,8
4956,3449,6
3449,2929,2
671,2066,2
2066,4257,36
4257,1381,4
3235,3163,6
3163,615,5
615,3127,17
3127,3449,19
3127,2832,36
2300,2832,280
2832,2732,5
2732,2703,20
2703,2027,5
2027,1765,3
1765,615,12
615,2781,9
4395,2329,24
5022,1965,38
3235,615,23
615,4205,17
4205,2143,1
2143,291,6
291,3526,44
3526,615,162
4773,5022,4
2703,3439,15
1765,1381,2
1381,912,1
1914,4909,5
4909,4483,3
3449,1125,49
1965,3356,12
3356,2991,48
2991,291,12
291,812,4
812,4732,9
4732,2300,12
3700,3526,11
2832,1914,16
1914,909,3
3649,3,7
3,4611,9
2078,3449,8
3449,2856,27
2856,2258,47
2258,1526,4
1526,2832,73
2703,916,30
916,4620,6
4395,2986,77
3449,2184,2
3966,909,2
909,2143,19
2143,4761,6
4761,978,9
4611,1200,15
3110,2929,3
671,2829,36
2703,4395,44
4395,2929,4
2929,2829,59
2856,2832,43
3449,2425,4
4268,2275,1
2275,3526,65
361,1965,13
615,194,2
2832,4073,6
2832,2986,115
3526,2275,8
2275,2986,1
2986,184,15
184,4956,5
4956,2832,88
2832,615,7
2184,4226,1
3718,1840,2
1840,2986,21
2986,3035,19
3035,2751,27
2143,3491,5
1627,1226,9
2703,2308,18
2308,2300,10
2832,3035,4
2590,634,41
634,291,36
291,1235,14
1235,2929,4
2385,4611,2
4611,2856,43
2856,2300,24
2832,3,11
3,3139,12
3139,753,1
3054,2856,4
2856,2143,33
4268,3491,14
2986,3,5
2703,2929,5
2832,2757,23
2757,3235,3
3235,899,5
3449,3054,2
3054,1849,6
1849,3649,13
3649,1737,2
184,2143,15
2143,3475,4
3475,184,1
2264,4738,7
4738,1840,39
1737,2703,16
2703,1449,9
3526,2757,9
2757,2829,1
2829,2751,125
2751,437,8
437,2986,84
2203,3127,63
1631,4073,7
4073,3110,12
2143,2732,2
990,1837,3
1837,1985,15
1985,2929,31
1082,4732,6
4732,4205,5
4205,3526,14
2275,2258,1
2258,2929,7
4773,1737,1
3751,2986,12
1345,4241,16
4241,3763,1
3763,3139,1
3139,3,9
3,3414,1
437,3175,23
3491,3526,2
3526,4620,95
4620,2829,37
4911,437,61
4620,2027,1
2012,2751,1
2751,2829,6
2829,2618,13
2618,2832,4
286,4395,6
4395,1526,3
2832,1849,24
2703,4483,9
4611,1381,3
3449,2258,79
2703,612,1
4596,3139,1
3139,2829,17
2829,3,37
2358,2829,46
2832,421,1
421,2013,1
2013,4596,3
4596,1563,12
1563,2066,1
4611,286,38
286,184,2
3449,4611,32
2385,2832,2
273,4964,2
4964,2786,2
2786,2832,11
2832,286,13
286,3439,1
1082,2786,7
2786,2829,149
4849,4761,1
4761,2590,46
2378,2308,4
2308,1226,6
3110,2378,3
2378,2829,17
4268,1226,4
2358,2986,23
2703,990,11
990,1367,1
1367,2832,30
3127,1631,32
1631,2258,15
2258,671,4
671,2986,4
4611,2258,70
2258,4894,56
4894,2829,7
437,2829,27
2385,1747,1
1747,2832,40
93,2986,25
4005,2751,1
3515,4738,6
4738,3475,3
3475,101,2
2750,4773,27
4262,1125,13
1125,291,6
291,4732,6
4732,2212,19
2425,1125,3
1125,3526,28
2143,4611,45
4611,4956,17
4956,2703,36
3054,1563,43
1563,2427,5
3718,2856,5
2856,3127,24
3127,4911,1
635,2751,4
2751,4594,2
4594,1849,11
2258,1082,2
2986,1676,12
1676,812,2
1837,2786,19
2786,194,2
194,1747,1
3966,2308,40
2308,2013,1
2013,1226,7
3491,184,5
184,1526,7
2832,1125,33
2751,3139,1
3,2276,1
2276,1631,31
1631,479,12
479,2832,8
2829,2737,33
2737,4241,2
4241,3054,12
3054,3139,2
3139,1125,5
4611,386,42
386,1125,6
4773,2329,23
2329,2173,3
2173,2203,4
2203,2832,22
3526,1912,17
1912,2703,51
2786,1914,6
1914,3649,1
3,1837,1
1837,3139,1
3139,2358,3
2358,2751,2
1631,2358,1
2358,2737,3
1235,1221,291
1221,1125,5
1125,421,10
634,2986,46
2572,4594,1
671,2832,3
2832,2595,95
2595,2829,8
2143,2786,2
2786,2066,21
2066,2829,46
4909,1627,5
1627,4611,3
4738,4620,2
3755,4596,5
4596,1235,2
2143,3526,41
3,3966,10
3966,812,16
812,2275,1
3526,3139,22
3966,2750,4
2750,3526,20
615,5022,7
5022,728,8
4395,3826,2
3826,3127,25
3,3175,2
3175,4395,2
4395,3700,4
3449,3356,18
3356,1403,7
1403,2732,1
2732,2832,20
2832,3700,18
3700,437,5
437,151,1
151,2703,13
2737,3054,3
671,437,13
437,2786,1
2786,812,58
812,1747,5
1747,4620,1
2829,1676,11
2832,3139,8
4395,151,6
2703,2751,10
2751,2991,18
2991,3054,10
3054,2173,2
425,904,5
904,2829,17
2829,3700,12
3700,2832,30
2832,2751,42
2751,1208,3
3449,2308,2
2832,2703,10
671,3091,3
2703,1125,41
1125,1226,25
1226,2829,10
2829,1208,16
1765,2751,17
2751,2329,4
2329,2829,10
2832,2737,23
1765,2703,1
2703,2385,1
1914,1765,4
93,2786,13
2786,273,2
2703,1765,10
4483,1563,12
2750,2751,2
2143,2329,2
2329,2737,2
2703,2066,3
4257,2212,1
2425,3966,8
3449,2829,112
2751,3526,23
2703,3356,37
2832,612,2
4338,4611,18
4611,1208,1
3700,2308,2
2308,4257,5
2358,4732,3
4773,291,3
5022,1125,11
4773,2986,22
2703,4761,16
4761,4165,7
4165,1563,8
2986,4257,5
4257,3559,3
3559,3526,5
3526,1849,7
4761,3475,8
3475,2781,3
2781,671,2
671,4761,9
4761,1837,39
3449,2013,6
2013,1837,69
634,4856,47
4856,3526,74
2358,2258,6
4761,3235,8
3127,2771,6
2771,1631,4
1631,4761,10
1221,4761,10
4761,425,7
425,978,1
437,2012,1
2703,4773,38
1082,4073,8
386,273,1
3919,2757,5
1082,101,19
3526,2750,8
2750,2986,5
2832,273,50
916,3190,12
3190,1765,1
1765,3054,12
3054,2358,1
2358,3826,3
3826,2829,2
3449,2203,2
3526,634,144
2750,4761,30
2590,904,6
4761,3912,6
3449,1765,4
1765,2829,3
3449,2703,34
2539,4611,7
2751,1226,7
1226,4073,4
3763,2829,18
1226,2703,8
2751,4241,3
3127,2539,16
2539,1631,7
1631,2737,1
4395,3163,13
4262,2184,2
2184,3475,3
3475,2703,14
2703,4738,9
2184,4241,2
1765,2184,1
2184,916,6
916,978,4
1082,2986,37
2991,3163,22
3163,634,13
634,2203,15
2539,437,3
1221,2986,15
2143,4241,7
2757,3751,1
3449,4437,22
2757,2786,6
1082,273,12
1765,3163,3
3163,220,1
220,2203,1
2832,2865,12
2865,1631,3
812,1765,2
4241,634,37
291,2329,1
2027,3526,2
3163,3526,5
1737,3966,2
3966,1965,5
4738,2829,7
1345,3439,15
3515,3054,20
2203,184,1
184,4611,6
4909,1840,2
1840,1345,25
1345,4596,10
3526,2865,11
2865,273,1
3526,2258,9
3439,2771,3
2771,2027,1
2027,4262,1
4262,273,1
273,1737,3
1737,3439,1
1082,2751,1
1765,1627,9
1627,4241,4
3449,220,1
220,2757,1
916,634,118
93,3121,8
3121,2832,12
3449,1345,23
1345,291,8
291,273,12
1221,5022,3
2786,671,1
671,4073,5
3356,3321,18
3321,3515,104
3054,479,3
1226,1765,1
1627,4596,7
4611,101,15
101,2832,22
1765,220,4
220,2829,9
2358,5022,1
1765,3526,12
273,4426,1
93,5022,2
2358,3449,1
3449,3526,11
4611,3035,6
2751,1631,4
671,1345,15
1345,1403,5
273,3071,33
2264,2143,3
2750,1345,26
1235,2750,4
1345,3190,8
3190,4611,4
3163,3190,9
1235,2308,15
2308,1345,1
3491,2078,1
2832,812,72
1345,2786,5
2751,3449,8
3449,273,13
2425,4911,1
2865,2066,2
4257,3449,10
916,3054,35
2829,4773,2
437,1765,5
3449,3559,13
3559,2832,1
4732,2425,38
2832,4005,9
4005,4268,3
1221,2829,30
291,2829,27
2829,1747,7
2750,1226,5
2618,3966,6
2829,4268,33
2308,4956,22
2832,2556,9
3449,2078,3
2078,2829,2
2865,3966,10
3966,2829,45
2865,286,1
812,4338,8
2425,220,1
220,753,1
753,2829,9
2865,3356,3
3356,3475,11
2829,4964,32
4964,2832,24
2832,2786,42
2786,2308,16
2703,4909,1
4257,93,2
3526,2066,3
4611,2027,2
2027,2829,7
1563,2264,1
3526,1914,7
812,220,1
3515,194,12
194,2829,13
978,2327,2
3755,4226,4
4226,1765,2
437,2203,11
2203,437,5
437,2427,9
2427,2264,2
2264,1765,1
1235,2276,1
2276,3110,1
3110,1235,2
1837,2829,24
3700,2751,6
1627,1837,22
1837,812,4
812,1208,2
3700,2732,1
5022,2751,4
1381,437,4
2986,2300,30
2590,1449,1
1449,3966,5
3966,194,2
194,2986,13
671,3356,21
2856,4956,8
4956,4611,4
286,2308,2
361,2703,12
2751,3054,6
194,437,27
437,2737,10
1965,2829,22
2737,3700,16
3700,2991,4
407,3356,16
3356,615,15
615,2308,40
2308,3356,3
3356,3718,8
990,2751,7
2751,1837,12
1837,194,12
2258,3449,5
3356,899,1
899,2986,5
2986,2203,17
425,3163,6
3163,3718,4
2949,2986,3
220,2358,4
3449,291,7
291,1125,14
2751,1627,2
1627,3439,7
3439,909,4
909,2539,4
2539,3439,2
3439,3163,4
3163,2829,2
2829,4073,20
3121,4611,8
2703,3121,3
3121,2751,1
2751,3439,5
2986,3533,29
3533,2832,73
421,2329,6
2329,634,7
2757,2703,1
2703,4956,5
3718,4257,1
1965,2986,12
3054,2986,53
2986,3235,1
3235,2832,4
1125,3071,16
3071,2703,2
4773,184,1
184,93,13
93,2703,3
2703,2832,6
2737,4611,17
4773,2327,4
1221,3526,2
2703,4677,2
4677,3091,1
3091,615,6
615,2750,16
4773,1985,7
1985,1235,21
1235,273,11
4738,407,12
407,2703,4
2329,2750,3
2078,3091,1
3091,4620,4
2703,2856,13
3515,3966,5
3449,2556,8
3449,2786,14
2786,2300,16
2832,2258,31
3526,2829,113
2829,2143,55
2143,1627,68
1627,2991,10
909,1235,1
1235,2757,8
2757,4738,1
2264,4611,7
4611,3649,3
3649,1676,7
615,3054,4
4611,2757,3
904,812,1
2276,3356,1
3356,194,5
4894,194,2
3966,1849,3
753,2258,2
2258,4005,4
4005,3966,3
3966,2737,2
912,3966,11
3966,2986,22
2986,4677,16
4677,753,2
2258,3301,1
3301,3966,1
3966,3121,11
2829,4677,39
425,899,3
899,3526,7
3526,3475,13
3175,244,1
244,2949,3
2949,2143,8
2143,1082,18
4620,4231,24
4231,2258,1
2258,1837,5
1139,2949,2
2949,4231,7
4231,1837,15
4611,2078,7
2556,2949,2
1985,3449,10
2865,2949,3
2358,2212,4
812,184,17
184,3957,21
3957,2832,63
407,4761,27
4909,2308,4
4956,4761,6
4761,2991,46
2991,3718,4
2703,2781,3
2781,4773,37
4677,3966,8
3966,4920,3
4920,3449,5
4909,4773,12
5022,2378,11
3,916,1
634,2276,10
2276,3139,1
2556,2078,1
2078,244,5
244,3110,5
3110,990,3
990,4759,5
2078,2832,1
2275,3449,1
2556,3526,12
2829,3757,20
286,3919,1
3919,3035,1
2078,3526,6
2143,2991,16
912,2829,8
4073,2703,15
4580,2949,2
3491,1627,1
1627,4483,8
4483,2829,14
909,2771,12
2771,3449,7
1837,2327,3
437,4611,7
2829,184,30
912,3356,16
3356,4165,81
4165,194,19
3966,4580,2
4580,4611,4
4580,912,2
2703,2378,2
2378,3356,2
3356,3966,1
3966,1125,5
1125,3110,3
3110,2329,11
2829,2300,28
2737,3449,4
3449,912,4
912,2703,29
2703,1837,61
4611,1849,18
1849,4580,13
4580,2929,1
2929,479,7
4257,1837,1
1837,3121,2
3121,2703,6
4395,3763,2
912,3054,7
3054,3235,3
3091,2750,1
3163,1985,3
4611,1125,16
2737,3356,3
1403,3054,4
3054,3526,52
912,3526,15
3,1914,1
3110,4594,1
4594,4732,4
4732,912,3
3526,4268,26
3491,3,1
1837,3649,4
3649,3526,16
3526,3757,6
615,2703,19
3356,554,19
3,2929,1
3919,615,3
2991,2212,6
2425,4620,11
1965,1125,12
3235,4338,3
4338,2829,13
4909,3356,2
3356,3190,19
3190,3526,109
3356,3163,12
1965,4732,4
2143,2781,3
3649,4732,1
2703,615,6
4205,2027,1
4241,615,17
2703,3559,17
3559,3966,2
1837,899,3
4773,2427,12
2427,2703,16
3356,3235,26
3235,3054,11
3700,3559,4
3559,2703,8
1837,437,2
671,909,4
2703,1840,5
1840,2308,3
1125,978,4
2427,2203,2
3235,3190,3
3526,291,49
4611,4759,1
3449,3458,5
3700,2829,6
2829,3559,36
3559,3321,3
2013,4395,59
4395,612,3
612,4956,5
2832,291,15
1125,2703,2
2703,3235,8
634,4738,6
4738,3127,30
3649,1631,2
1631,194,15
194,4594,1
4594,2276,1
4594,2751,2
1381,2703,8
1837,3826,5
3127,1208,6
3700,1631,14
1631,1226,2
3356,3091,11
4611,615,6
2308,3755,4
3755,2732,80
2732,3356,8
3110,2264,4
2771,2212,1
904,1765,1
2329,3526,13
2258,1381,1
2703,3321,6
3515,753,2
1235,3757,11
3475,2750,8
2750,2143,5
2143,1837,27
3966,3449,1
3449,1914,2
1381,3966,1
2832,1985,4
2143,3356,3
671,1125,45
4773,2203,2
4594,4911,1
4911,3559,1
3559,1631,2
4773,978,3
1381,1631,1
386,2829,3
4956,3356,11
291,1381,7
1381,2264,1
2264,3826,16
3826,4395,1
4611,3458,21
3458,3449,7
2258,3356,4
4165,4594,1
2750,812,2
812,2751,3
1837,615,3
2781,3449,5
3449,4738,19
1965,1345,10
1345,3235,12
4073,2584,1
2584,2832,20
3919,4761,9
812,2427,5
2427,3449,1
1345,2991,35
3757,3139,1
3718,1235,2
1221,1965,2
1125,2991,18
3757,4594,2
4594,2203,1
2751,2203,2
2751,2751,1
2751,2703,16
1837,4005,1
4005,4611,13
3449,2751,3
2703,4759,7
4759,1765,2
3559,3700,1
4894,3356,12
3700,1965,2
2991,2143,2
1381,634,1
2264,2703,8
2703,1208,3
1208,1345,1
479,227,2
227,2751,2
2751,3110,4
3110,1381,6
1381,4483,4
3,1235,2
291,1345,1
3,3356,5
2427,3356,2
3718,1747,2
3356,4241,20
4241,291,15
291,912,3
1082,728,6
4338,3449,6
2703,2013,19
3700,3491,5
1125,4395,77
3301,2829,1
2829,4759,20
2143,1381,2
2258,2300,29
2703,4611,19
4611,990,36
990,4956,11
4956,2829,10
3449,4395,2
4395,899,3
2829,4257,27
1082,990,1
3491,1965,21
291,1914,3
1914,4426,6
4426,1208,1
1837,2329,17
2329,194,26
3755,2750,1
912,3355,1
3355,916,1
4611,2184,1
2986,2556,31
2556,1627,2
1627,615,6
4773,4904,4
1837,3091,20
2829,2556,24
3526,3163,1
1221,1840,32
2991,4620,15
4620,3127,6
93,1200,8
4437,2703,1
4773,3163,14
2829,4956,34
4956,1200,1
2595,2013,12
1200,3071,15
3515,2750,1
2829,1765,45
2556,2991,16
2991,3091,13
3526,1985,3
1837,2275,5
1837,3163,9
3919,3526,3
291,2786,8
2832,1200,12
2986,4956,37
2703,4620,17
3127,2143,25
904,2308,7
2556,273,1
671,2556,5
2556,3321,4
194,3054,4
1345,1837,60
386,1345,1
3757,2786,2
4257,671,3
671,3526,9
3718,2757,2
2757,4761,1
4761,3054,22
3475,1965,9
3526,3912,10
990,912,4
3966,4677,1
4677,1837,6
1837,1403,13
2258,3966,4
4580,1837,8
1837,2203,5
1965,2856,17
2856,912,2
2991,3755,1
3755,3718,3
407,3755,12
361,2832,12
2832,3779,8
1837,990,5
2829,4205,23
4205,3755,4
3755,2590,2
2590,3718,2
3449,2986,25
1627,3321,4
3751,101,2
812,1837,8
2786,912,4
912,671,1
2757,437,9
437,4911,1
4911,3356,1
3912,4611,4
2986,3414,42
4611,2703,8
3190,2986,3
4073,3356,5
425,291,7
912,2986,1
2703,479,4
479,912,2
912,4483,1
4483,1208,1
4894,2832,2
4395,3649,3
3649,2264,1
2264,3049,2
3049,4773,28
4773,4456,1
4456,2829,11
3526,2385,2
4773,3091,2
2264,1837,4
2949,3755,2
3515,2986,5
2751,4761,1
4761,916,19
2732,2203,2
2203,5022,1
5022,671,1
671,407,11
407,1345,23
1345,615,19
615,273,5
2258,1345,1
2737,1914,1
2829,1526,4
1837,2737,1
2737,671,3
2750,2300,12
2737,1526,3
634,3414,10
3110,3414,2
3414,3035,5
3035,3449,1
2991,753,4
753,2329,1
194,3301,1
3301,671,1
2829,3301,4
1221,3356,12
4241,1912,10
2703,3779,3
2703,753,16
753,2786,8
3175,437,16
1849,2737,9
2737,2703,5
1849,4738,7
2556,2703,1
4611,3779,14
2929,2986,26
2703,2986,32
1526,753,1
101,227,8
227,4773,7
4773,3301,1
3301,4395,4
3491,1125,8
2786,2751,3
2737,912,3
912,2329,2
2385,2986,1
2751,4395,11
912,2027,1
2027,1840,4
1840,1125,21
1125,2737,2
2737,1837,4
3515,1912,2
671,194,5
194,4262,6
4262,2986,4
4894,273,1
1837,978,3
978,2329,5
2329,2986,7
4773,1849,6
912,615,2
615,2329,3
2329,3190,1
2258,3110,2
3110,3054,1
3054,2829,23
4677,904,3
1221,4483,4
4483,635,1
671,4738,14
2258,2329,1
4262,1345,17
2786,4268,1
2442,3,3
1449,3700,1
194,3526,7
3526,3054,37
2751,3163,2
3163,4483,5
4483,3526,11
634,615,3
615,151,15
4761,421,16
3718,2829,20
2829,4894,14
4894,1449,1
1449,4611,1
4262,2013,7
1676,4611,5
2027,4611,4
386,2786,1
194,3700,1
3700,671,4
3163,2737,1
2737,2751,1
2358,1849,1
3449,184,3
4611,184,22
4761,1912,1
2703,101,3
912,3449,11
3755,1912,1
101,4073,2
4073,4395,3
899,184,1
3700,4262,3
4262,2308,2
2308,4395,46
3526,990,9
1221,2378,1
2378,4761,5
4761,2732,8
2732,1849,2
3491,2750,10
2750,2584,2
2584,4761,2
2732,2829,18
4395,2275,8
4372,3356,3
2829,4372,11
671,3755,39
3755,2991,11
1226,3414,3
3449,3414,2
4456,4911,2
4911,2986,17
2986,4372,3
4372,3449,2
2829,1403,3
3700,2929,4
2929,2786,27
2786,4611,4
4773,3700,5
3700,4437,1
4437,1849,1
3449,407,7
2751,4773,30
3091,291,3
2584,1235,4
2751,4483,3
4483,3121,1
1221,101,1
4483,2986,14
184,2584,2
2584,909,1
2757,978,1
978,4226,3
4620,437,4
2427,1235,21
3526,273,7
671,1840,32
1840,1200,11
1200,2572,7
2572,1235,4
2590,4226,3
2378,1345,10
634,4073,4
4073,4956,10
4773,3649,6
2751,2986,2
1840,3356,22
2751,2275,1
151,3700,1
3700,4738,2
2590,3175,3
4677,2986,2
912,4738,1
1125,759,3
2750,4395,32
671,2750,16
2750,615,4
615,3356,7
2358,3700,1
4073,3449,7
2143,3054,16
1125,4611,3
2856,184,29
1235,1747,72
1747,2829,9
1125,437,6
2539,3526,1
3,3110,1
3110,3526,2
4594,759,1
759,2703,2
3110,3127,6
2308,3700,1
3414,3458,3
2258,4205,12
4205,4849,1
4849,2829,1
3,2732,1
1737,2704,1
3449,2704,4
2704,93,8
2704,2986,2
3110,4372,1
4372,4456,1
3491,4620,3
2832,4205,18
4205,3110,1
361,2750,5
1235,1914,7
3700,101,1
4395,291,6
1235,184,4
2385,2300,1
2300,4395,1
2584,2539,2
2703,1849,3
4395,909,3
909,3966,5
3919,1125,3
1125,2584,3
194,2539,1
2539,2929,6
2308,1676,6
1676,4437,2
194,2751,1
2751,2539,2
2539,3449,2
1849,2539,1
2539,2751,1
4395,3127,15
291,3449,4
3449,3091,6
3091,3127,4
2832,184,17
2703,3700,3
4372,3321,1
615,2986,17
2618,3491,2
3491,812,8
812,4372,1
4372,1837,6
2703,1345,21
1345,1750,1
1750,1200,1
2258,2618,5
3121,4761,1
4372,3491,2
1221,2143,5
1627,899,2
3491,3700,1
1837,3491,1
2929,2704,3
2704,3526,14
3449,3139,2
3139,2856,3
2595,1125,8
1563,615,3
2618,1235,2
4257,3966,1
2203,2276,12
2276,2929,12
2929,2703,5
2703,2618,1
2618,1631,5
1627,4395,13
671,4483,1
3458,2143,2
1837,3127,14
3700,1837,1
1837,2276,6
2704,4732,6
3718,2203,1
3127,5022,4
5022,2308,12
3355,671,4
671,1235,14
4395,2703,57
2832,3458,9
634,2329,1
194,1985,1
2832,2618,14
2618,671,3
2442,4205,7
4205,437,3
4437,3458,1
3458,1208,1
3110,2751,2
3700,3919,1
2832,2781,9
4773,1381,6
3700,1381,2
1381,1837,10
1631,2143,6
1221,1345,7
671,2327,4
1965,1985,2
1985,1345,1
1837,2929,7
2929,812,2
1381,4395,7
1381,2781,3
2781,1235,4
1747,2991,1
2991,2329,1
2829,386,12
386,2703,12
407,2143,4
3110,1849,6
2264,437,2
437,3755,13
2757,3755,2
3755,3190,1
4205,2986,1
2737,990,1
812,2737,3
1837,4456,1
4456,990,1
3449,990,5
990,2584,1
2584,1082,1
3526,286,8
286,3356,15
2986,4759,10
2703,3718,1
1221,3755,5
2590,1912,6
1208,3526,1
437,3826,7
3826,437,7
437,1125,10
1676,3779,1
4956,4395,2
4395,978,8
2329,3414,1
3414,291,3
291,4262,1
4262,437,2
3757,479,1
479,4732,3
3110,615,1
3526,2704,21
3526,899,21
899,291,3
2264,2173,1
2173,615,1
3449,1208,1
3355,2991,2
4372,3110,1
3110,3763,5
3763,437,2
2212,2703,6
990,1765,2
1765,1449,1
1449,3526,17
990,2143,20
2143,194,3
4205,361,2
3475,3127,1
2704,3127,3
1345,220,1
220,2986,10
615,2829,34
4205,1235,4
1235,2751,11
3110,912,1
4395,1840,1
1840,2264,2
2264,2991,1
2258,4395,2
4395,2013,7
2013,4738,1
4738,2986,8
2991,1912,2
3526,2786,5
812,5001,8
5001,4395,12
3356,2385,1
2385,3190,1
3475,2986,1
5022,2737,3
4372,2427,1
2427,1226,1
386,5022,8
5022,1765,2
4395,1985,4
1965,916,3
101,916,3
3966,2856,2
1125,1449,30
2308,2590,7
3175,634,3
3475,93,4
2929,4073,7
4073,2300,1
2618,1837,2
2929,909,1
909,2258,4
2258,2173,1
3121,1627,12
1403,2276,2
3121,2143,2
3054,1985,4
3449,634,7
2595,184,2
2143,220,1
220,273,1
671,990,4
194,2276,1
2929,2750,3
3355,437,1
437,3458,2
2618,3175,2
2986,3127,16
2832,1912,2
1912,2308,1
2308,1840,1
2618,3449,4
3449,1840,26
2703,273,8
3491,101,3
101,2618,1
3491,909,4
4437,1082,1
291,2986,29
2143,4773,19
4761,4241,25
4761,2378,1
2378,2986,4
3966,1235,2
291,2308,13
2618,1345,3
1750,5022,9
4611,2143,2
3491,2786,9
2327,2258,4
1750,3127,2
1631,5022,3
2308,2203,2
3491,2308,10
1235,101,16
101,2737,2
615,2276,2
2276,3491,3
1631,3121,12
3175,1082,4
1082,2750,5
904,3700,3
3526,753,6
2618,2703,9
2308,4964,4
1837,2258,1
2143,3966,2
3966,227,2
227,1235,4
286,2013,2
4395,2327,5
2703,1750,5
3515,1750,1
4956,2378,1
2378,2184,3
2184,3110,10
361,3526,8
3414,3175,3
2703,184,4
3054,184,3
3700,1235,5
1235,615,3
2595,2308,6
4964,4395,6
1125,3163,11
1082,479,2
4372,4761,1
2991,1750,1
1750,1965,14
1965,3175,20
615,3491,3
3526,1750,14
615,4611,11
1221,3110,1
3110,1965,5
634,4611,11
2856,2572,3
2572,4761,2
2991,615,37
615,2264,17
1082,194,1
1125,4738,2
1750,812,2
812,3649,1
2832,3414,6
3414,3649,6
2258,2829,3
286,291,1
291,4372,1
4372,3414,1
3526,3700,2
2703,812,8
812,3700,1
3826,93,3
1235,1750,3
5022,2986,9
2986,227,15
1837,2856,16
2258,3649,2
3649,2300,5
437,184,1
184,2300,31
753,3526,3
4761,4268,1
4268,1965,1
2203,3919,1
3449,2832,8
2595,1965,1
437,3700,3
4372,671,4
671,273,5
4964,1837,3
1082,3121,2
3,4395,11
2329,2703,1
4372,3054,1
3054,2327,6
4773,2703,2
2203,93,1
93,2757,1
1837,4738,3
4738,2276,3
1631,1345,13
1837,3449,3
3449,2329,3
3491,2258,5
2703,3163,4
671,2308,14
3091,2829,5
2829,4904,40
3054,2832,1
3175,2143,1
2143,3235,17
3491,4205,1
1221,4611,27
4611,4073,13
4073,3414,2
4372,3439,1
3439,2829,7
2832,2572,5
1631,2572,1
2829,220,4
220,2832,4
4372,4395,3
4395,4073,9
4372,1235,3
2751,671,3
615,2786,13
812,4964,5
4964,5022,2
1235,1208,3
2751,634,2
634,3700,5
4956,2737,1
1837,4395,1
2013,479,2
4894,4395,1
2013,2986,1
3966,2013,1
4395,1235,11
1235,1849,3
3175,2829,5
2751,3235,11
3414,184,10
184,2618,1
2618,437,3
437,3779,1
3755,4241,2
2327,4073,13
4073,4596,1
2264,3356,7
4611,2786,19
2308,4268,5
4268,3449,11
3449,1226,2
2308,3355,17
3355,3439,1
3163,4849,1
4849,4611,18
4611,1526,12
2385,4205,3
4205,3356,10
615,1226,2
1226,3526,6
3054,194,3
2829,5001,12
5001,3491,1
3054,753,3
753,2986,5
3491,286,3
286,2751,4
2751,4268,4
3356,291,14
2986,3175,3
4594,2358,4
2751,2618,1
2618,93,3
93,101,2
1235,2618,2
2618,4849,2
4849,3458,1
3458,151,1
151,4732,2
4732,1235,1
4372,904,2
2618,3356,3
4437,3526,2
4257,1714,1
1714,3449,6
2757,3526,27
3526,3957,1
3957,2986,2
3966,4894,1
812,2618,6
2618,3526,5
2751,2590,2
3526,4456,26
4456,1914,1
1914,4372,2
1125,916,33
2949,3356,2
361,812,1
2751,3700,1
3700,1914,1
1914,4964,5
4964,2590,1
1840,2786,7
2929,1914,1
2829,3458,9
4262,3356,7
3356,4226,24
4226,2829,4
273,3700,2
3526,2703,4
3458,3757,1
3356,4596,4
4596,2986,8
2143,101,1
909,2751,3
2751,4611,8
4005,1914,1
1914,2751,5
2751,4596,2
4596,2327,3
3449,2143,5
3491,479,2
2786,1819,2
1819,2829,13
3491,273,13
2329,437,4
4372,4268,1
916,2013,2
2013,634,2
3175,2751,3
437,2013,3
1235,2737,7
2737,3110,4
3110,916,1
634,990,4
990,3127,1
2949,1235,1
1747,990,4
3439,1985,4
2258,3439,1
2618,2829,1
1226,2751,1
2751,194,3
437,3356,57
2737,2308,1
1226,4611,7
4395,904,9
3356,904,11
904,1914,1
1914,4732,2
3700,194,1
2737,615,2
2703,194,2
1082,2737,1
3700,3356,5
3356,421,8
291,1208,1
5022,2750,28
4620,2751,8
2539,3491,3
2308,4858,13
4858,1914,1
3718,2378,5
3491,2618,2
2618,2329,1
2329,291,1
4611,612,4
812,3127,3
386,2986,2
4773,1208,9
3110,2829,7
3356,2590,8
2703,1226,5
1750,2358,2
2751,1367,20
1367,2703,1
1912,2829,5
2829,1367,12
1367,2829,2
1226,2203,1
2385,3356,5
1367,1226,2
1082,2829,47
1226,2027,2
425,3054,1
2308,93,1
3757,3054,1
3515,899,5
1840,194,1
4395,3356,2
3356,3912,4
2590,3054,9
3054,1750,1
1965,2539,4
2539,2986,1
2751,916,5
634,4911,1
437,1965,3
1367,3439,3
3439,1082,1
273,2751,2
2751,1965,1
3439,3526,3
3919,2829,7
3175,3449,2
2385,1226,1
2308,291,2
286,2143,3
2143,3912,1
2258,2143,17
3449,2275,4
2829,227,4
227,4611,1
2308,4372,3
4372,1226,1
220,437,1
615,3414,2
2308,2618,1
2308,2986,3
286,2856,2
3439,3491,1
407,4073,2
1226,3491,3
1631,407,4
1226,3127,2
3700,1226,1
2751,1082,7
3439,3127,7
4964,1226,2
4372,2832,2
2264,4073,1
4073,2427,6
2703,2750,1
4611,4620,9
1367,2329,1
2329,273,1
4894,1840,2
2703,421,2
2832,2378,3
2378,3121,3
3449,4761,15
2012,3110,14
1837,2986,11
3127,3966,27
1631,4611,6
2143,916,15
916,2732,1
909,3700,1
2751,554,2
554,634,12
3054,5022,1
1082,1849,7
2751,421,2
3163,3649,2
978,2986,1
671,2929,4
3515,3755,2
3755,3755,8
3526,1208,3
3700,1849,1
2703,407,5
3356,2275,1
1750,1208,2
3700,291,2
2442,4257,6
2829,2027,8
1125,194,4
2929,4268,2
2258,1819,3
1819,421,1
1221,2703,3
634,2750,1
2829,2539,3
2539,2832,6
2703,3763,1
1965,2771,1
2771,2308,1
1082,635,1
3526,4073,11
4073,612,13
2829,635,9
2442,4372,1
3515,3718,4
3718,101,2
2786,3449,1
4241,2027,1
2027,2865,1
2865,2358,1
2358,3957,1
2929,1750,6
4894,2143,1
3439,615,1
2264,635,1
635,3449,3
2258,4773,2
437,291,1
291,635,5
635,437,1
2703,3049,2
3049,4761,4
2590,3163,5
3163,3919,9
2750,2258,3
1345,3957,1
3957,3449,2
3449,3919,4
4761,1750,1
4205,4761,6
2590,3957,1
1837,2264,5
2264,3649,1
3649,4611,6
4909,421,1
634,2929,3
437,3649,2
635,4909,2
4909,2832,6
2173,4611,2
4611,1965,2
1082,4894,1
1526,2358,3
2358,1526,1
1526,437,1
909,1208,1
3439,3121,1
3121,1082,4
4894,2751,1
2751,2949,3
1367,4596,2
4596,3414,1
3515,437,2
3763,4262,3
3515,2865,1
2865,2539,2
2539,1082,4
2949,2786,2
4596,2829,5
4904,4759,1
4759,1449,1
634,2751,1
3139,2986,7
615,1208,1
2751,2704,1
1125,1750,2
1750,2329,1
194,2750,3
615,671,4
3163,1965,1
2991,2704,1
3700,1750,6
3235,2704,1
2704,437,1
2986,2385,2
5001,3356,4
612,2618,1
4773,220,2
220,904,1
4596,3526,9
2829,3533,23
3533,1345,2
437,2358,2
3533,2829,1
2258,1367,3
2757,4620,1
4241,101,1
101,3718,1
1345,916,22
2829,3175,2
4620,273,6
612,5022,1
5022,273,8
2027,4956,1
4956,1345,7
1226,2358,1
2750,2829,19
273,2737,2
1840,2066,1
4073,4262,1
4262,1840,2
2258,2751,10
2737,4773,1
3515,615,13
3175,4611,1
3700,2704,1
3121,1235,1
2264,2929,3
2358,2308,3
3700,3163,1
3163,437,2
1750,4611,1
1914,1208,4
4372,3751,1
4456,1125,2
4611,273,21
4964,3356,2
2442,2300,7
2751,2865,1
4372,1750,1
2986,2618,2
2618,2949,1
2949,1345,6
634,909,4
3763,1849,2
3649,5001,4
4395,2378,6
2378,1208,1
4909,2329,2
194,4611,5
4964,4611,11
2703,4268,7
1367,3054,2
437,1345,8
916,4611,3
2066,1849,2
2832,4257,8
3526,812,5
3175,1345,2
1345,3054,19
2066,2832,1
4257,1345,4
4372,437,1
2539,4395,5
2264,194,2
1750,2856,1
2737,1208,1
1750,2308,4
4395,2750,7
904,3458,1
4611,3355,27
3355,2829,4
3175,3491,3
1367,3526,5
4268,3175,11
1082,2258,16
2258,437,2
2358,273,1
4372,3779,1
3755,220,3
220,1235,4
2618,4611,7
3449,635,4
2865,3449,15
5001,5022,8
1965,1208,2
4372,2991,1
4241,3356,5
4372,3966,2
3966,1914,1
1914,3526,1
2539,273,1
634,2066,1
916,2829,2
3110,2986,17
3515,3475,16
3475,2829,6
5001,1235,3
2427,4849,1
2751,4620,2
4620,1125,30
1125,2986,3
3526,4338,18
2427,3526,26
1449,2427,2
4338,2986,1
3700,2358,3
3355,2832,1
3356,3439,4
1082,1125,5
1125,4964,2
4964,2829,2
4483,1125,2
1235,4073,8
4073,4205,3
4205,2308,2
1837,291,4
2308,1235,5
3526,2143,12
1837,3414,4
1965,3035,3
3035,2986,1
2751,3356,2
2991,4372,2
4372,1082,1
1082,2308,12
407,2751,2
2751,899,3
899,3035,1
990,2258,8
2832,4372,1
4372,3235,1
3356,220,3
220,3356,1
899,1125,2
1125,1367,4
151,1345,1
615,4456,1
1235,2856,13
2856,2751,2
4909,4911,1
437,3035,1
3035,4677,6
4677,2556,1
1139,1125,1
4257,3526,10
4241,194,3
2751,615,3
291,3121,2
2358,291,10
2986,2584,6
2584,3449,11
3175,2986,2
2703,2584,5
2584,2358,1
759,3449,8
3110,4761,2
93,759,1
2832,759,5
2572,1125,2
1125,4594,1
4594,1965,1
1965,3091,2
2929,2258,3
2258,4677,4
1235,1125,12
2556,1082,2
2556,4395,7
4395,1965,13
4395,3449,1
3491,4732,2
990,1819,16
1819,4761,3
1208,3458,5
2308,4761,4
4761,3190,23
1747,3356,2
3091,2732,1
1676,2829,9
4677,2184,2
2184,3919,1
3919,4594,2
4594,3458,2
421,3054,10
1563,4738,1
437,1849,11
2027,4677,1
753,4611,6
753,2781,1
1235,2066,2
2066,2986,2
421,3175,1
3175,3054,1
3054,3692,1
3692,93,9
93,1985,1
2173,671,2
4483,4596,1
4920,4483,4
227,1381,2
2572,671,4
2572,4773,1
4677,4483,1
2732,1125,26
2703,4920,12
3091,2986,7
2832,4677,1
1747,4073,1
3439,4611,3
759,4611,4
4611,3439,1
184,671,1
4611,812,7
990,3449,1
4257,1125,2
3163,2427,3
2751,2358,3
1345,904,3
634,2703,4
4759,2986,2
4437,3356,10
4483,3127,2
1631,1840,4
3491,4073,2
151,3526,1
4372,2358,1
2358,3718,1
3526,1200,4
1082,3035,3
2751,4262,1
4262,4761,1
4761,4596,7
1849,4005,6
4005,4773,7
2829,4005,11
4005,3110,2
3491,990,6
3526,4911,4
4205,5022,6
615,4911,2
4911,3035,2
1221,2856,4
291,1849,6
437,479,1
3110,904,1
904,2986,6
4005,634,1
2986,1985,29
1985,4956,6
2584,3966,2
2618,2308,3
2308,4241,6
3526,904,4
3,3449,6
2829,759,14
1840,990,3
990,4677,1
3175,4761,1
1912,273,2
3491,1208,1
1840,2258,1
2258,615,2
273,1208,1
4964,916,4
1750,2986,1
2829,3957,5
1840,2703,6
2264,2750,6
3526,2751,3
1235,3458,5
3700,1985,1
2832,2584,1
2584,3356,2
3700,2539,1
2986,291,2
291,4956,3
3163,2704,1
2704,990,2
4620,990,5
2258,194,1
2737,3163,1
1526,1965,2
3355,1965,5
1381,479,1
479,2143,1
1965,4761,4
4773,635,2
291,1747,2
4909,3957,1
3449,3718,3
386,3127,1
4073,4611,3
3449,3491,7
3110,909,2
1631,2986,11
3515,3912,5
3912,3110,1
2986,1765,31
3515,1403,3
1403,2865,2
2865,1082,20
1082,2143,3
4956,2143,2
3235,291,2
1381,4611,13
3449,3763,9
3763,1235,2
1235,2203,3
634,3127,13
1631,2829,33
3355,3356,15
3449,2750,16
3526,1765,1
291,2832,15
4909,4395,4
2703,2143,7
2986,1381,13
1381,2991,19
2618,2786,2
2786,2358,2
4611,220,2
3449,1403,3
1125,2066,1
407,3526,3
291,184,1
615,407,3
407,4205,1
2856,1819,11
1819,2143,1
1837,4849,7
4849,2786,1
4268,2703,5
3559,2991,25
2991,3515,48
4073,291,1
3235,4268,2
2829,1381,17
407,3559,3
2027,437,1
3559,3054,3
437,273,3
2786,4257,1
4761,291,4
2986,4894,3
1849,635,12
3559,4395,2
4395,615,3
615,4738,3
4226,1125,5
1627,291,4
291,2757,5
1221,2991,1
615,2856,4
4073,1627,1
1627,2275,1
2991,4594,4
4073,4268,1
4268,2027,1
2027,1082,1
3649,291,1
634,3526,11
2358,3919,3
3919,1765,4
1765,2865,3
2865,3127,3
386,437,3
1235,1381,5
2781,1837,3
4894,4858,1
3449,909,7
909,291,3
812,1819,8
1819,1381,1
2329,615,1
615,2203,4
2203,3700,2
3700,4858,1
4858,1345,1
2212,4594,1
2358,1765,5
2929,1965,4
2732,1381,1
3559,1235,1
1235,3175,1
3175,1381,1
3763,1125,6
4773,4262,3
4262,2829,12
2385,291,1
4773,194,5
1235,2703,9
2703,1381,11
1563,291,5
291,2264,1
3826,3526,1
3755,3321,14
3515,2732,12
2732,2308,5
3763,2203,1
634,437,3
2991,4268,6
3091,4456,1
4456,3127,1
4611,2275,1
3458,2584,1
1221,1837,1
3163,2986,7
4761,3957,2
3957,4611,1
4620,2308,7
286,1345,7
4761,2829,3
812,2258,5
93,4761,1
4761,1345,1
1837,1747,1
1995,2703,18
4205,3966,17
2212,4761,6
1235,4911,3
4761,2703,1
4620,1200,4
3235,4456,2
4456,2986,12
612,1747,1
291,2358,5
1125,1765,1
4437,2786,1
2786,2703,4
2703,2212,4
2212,4395,4
2358,3559,4
3559,2704,12
1627,4620,2
2027,1235,1
1345,4226,18
4226,3449,3
4395,4856,2
4456,3751,11
3127,2212,7
2212,1631,9
1837,4856,6
2703,2258,8
3163,4856,1
2212,2829,2
3966,2378,1
4226,1849,2
3127,227,1
227,4956,2
4956,1631,3
2264,2829,9
4395,220,2
220,4611,3
3163,1849,1
2425,291,1
291,4611,20
1125,4483,15
4437,3966,1
4483,1235,2
4231,5022,14
2757,4456,1
1345,2590,9
3054,4738,2
3235,4849,1
1765,3127,1
1631,437,1
4738,4611,8
4611,1819,5
1819,2949,6
2949,2013,1
3515,2203,1
3700,634,1
1819,2308,2
2308,3235,6
4073,1765,1
1747,1840,2
4437,1200,4
4395,3779,1
3475,1125,4
4761,4611,1
227,1345,2
2572,4395,4
4677,4761,1
2264,2358,1
1840,273,1
1840,2329,1
227,1627,8
4858,4395,4
1765,5022,1
5022,2258,1
2258,2703,5
2590,3190,1
1747,291,1
291,3559,3
4338,3526,3
3414,3966,12
1765,2264,1
990,1676,3
273,1765,2
4338,4395,3
2442,2618,1
1840,2013,13
2013,3439,7
3439,2327,1
2327,1381,1
812,4205,15
4205,2173,1
2173,3449,3
615,1345,3
2829,1737,19
1737,2832,5
2986,3559,10
3559,437,2
1082,2757,3
3110,2732,3
904,3526,2
2757,2986,1
2703,4241,6
2143,3321,5
4773,3966,11
3966,2703,21
2013,3235,16
634,2856,7
3127,1747,4
2832,3559,5
1995,220,2
2358,3779,2
93,1849,1
4611,3127,5
2829,4858,21
1912,1849,1
5022,4732,4
4911,1849,4
2590,1235,2
1747,753,1
3449,2264,10
1995,4437,2
1995,1208,1
1208,2829,1
386,1235,3
4594,2986,26
2358,184,4
3449,1714,1
1714,2027,1
407,2829,23
4596,2258,1
3526,3121,5
4073,753,2
1837,2013,5
2013,3449,1
4611,437,2
437,3533,1
3533,4073,2
4073,3491,1
3491,421,1
2986,1819,4
2757,3449,8
1226,2327,1
2327,184,1
93,615,1
615,2618,3
2757,2358,1
4858,3526,8
4611,2781,6
4773,4909,3
4909,1235,2
291,4395,1
2949,2856,1
1403,2856,1
2856,3559,1
3559,1837,4
759,2832,3
2832,101,4
671,812,4
4956,3755,1
2703,2203,1
2829,2329,2
2358,151,1
151,3966,27
4858,2703,3
3449,437,14
3355,1849,1
3559,2329,1
437,1840,4
227,671,3
1345,421,9
1837,2781,1
2750,3235,2
3559,3912,1
3912,3966,15
3091,2385,1
2425,2358,1
3439,904,1
4773,2750,10
1345,3912,1
3966,2173,1
4257,2832,6
3449,2427,1
2427,2832,2
2829,4732,12
2425,3439,1
4956,2856,1
3559,3235,12
3235,3912,3
3912,3449,1
4073,3966,1
291,2781,5
2757,1345,2
2618,1403,1
1403,3321,1
1627,2590,2
1747,3321,1
3966,2143,3
3449,5022,4
5022,4073,2
3526,612,5
3163,3321,1
4257,4761,5
812,4894,2
1747,3755,1
3755,4165,10
194,291,1
291,421,1
4773,3414,3
2703,909,7
759,1235,2
1221,3235,1
3235,753,3
4594,4759,1
4759,3449,1
671,101,2
2832,3121,10
3121,3559,1
3054,1125,3
2442,3235,1
1235,2786,12
3559,4849,1
4761,407,2
3458,2829,2
3526,2771,1
2771,2786,1
2949,3235,1
3235,3356,6
2703,3912,3
3526,2308,9
2308,3458,3
3458,1750,1
1750,2832,2
2385,990,1
2618,3190,1
1235,1765,14
3449,1235,5
4611,1765,7
421,3190,4
3054,151,3
3966,1765,5
4226,2986,2
3190,1125,1
421,3912,1
421,4594,1
2013,4773,24
4395,3190,1
3190,2013,1
2013,671,1
2832,3912,3
1840,2829,41
2258,2212,2
3439,1235,2
1449,3414,4
3356,2865,1
1381,2066,2
3054,220,7
3649,4956,4
4395,2358,13
291,4894,1
4894,4611,1
2829,3649,4
3649,2832,3
671,1765,4
3163,2865,1
2865,4611,11
1345,4594,5
3356,1765,11
3054,2264,1
2264,2856,5
812,4956,3
4956,1125,11
3757,3449,1
4773,2027,1
3235,4226,2
1082,1914,5
1914,3559,6
3559,4611,4
1221,1995,1
1995,3966,14
3449,4920,3
4920,4773,8
3449,2066,7
4257,1914,1
291,1765,3
1082,3757,2
1381,1995,5
3757,1235,2
2618,291,2
3355,1125,3
3235,978,13
437,2143,1
2143,615,7
2584,2013,1
615,1082,4
2703,1914,6
3054,3826,1
1235,2865,2
3054,2929,1
1235,990,4
2991,3458,3
1765,3235,5
615,2358,2
1765,1082,2
1082,2327,5
4904,2184,1
615,916,1
4738,2781,2
151,2203,1
2276,2358,1
4761,2986,6
2750,4338,1
1912,4205,2
4456,361,1
361,2829,10
1125,1082,1
4437,2829,19
4894,3449,1
2308,407,2
2991,194,4
3449,3957,1
3957,2829,1
4761,615,6
1082,2781,4
4395,4456,2
4456,2308,1
2308,1737,5
3755,4268,3
3356,3049,3
3049,2143,6
1082,184,3
4677,4773,8
2703,1676,2
1676,273,1
1747,3449,3
4241,3718,1
3718,2750,5
2750,916,6
4611,4894,1
4894,2750,2
3449,2012,17
1082,4738,1
4956,1235,8
2703,2991,26
3449,4338,2
615,4732,3
4732,2618,1
4732,2358,1
4226,2757,4
1235,2143,11
1082,3559,2
634,1082,2
3526,184,5
990,4257,1
2308,4611,15
4611,479,13
4956,671,2
2832,990,7
1226,4856,3
194,2358,3
3475,1235,9
2308,2425,4
2425,671,1
1082,3779,5
2703,3755,12
3054,3414,3
3054,3559,1
3355,2703,4
2703,1235,4
1125,3190,2
3190,2143,2
4956,407,2
407,1765,2
2751,753,1
753,1381,1
1381,1345,1
4904,4956,8
2308,3526,5
2704,2276,2
2276,1965,1
4956,3235,1
3355,2013,2
1235,1965,8
1965,2308,5
4395,3966,18
5001,2703,2
2427,4395,7
3054,4611,5
2856,3649,5
4395,3755,1
3755,4856,1
2732,3110,1
4372,1912,1
3700,1840,1
1381,5001,1
1765,3110,5
4395,3559,1
4395,184,1
93,3763,1
3763,2276,1
4956,1765,5
4205,671,2
3414,1985,7
1985,2572,9
2572,2832,14
1837,3912,3
3912,1235,12
4395,437,1
3700,93,1
93,3355,1
3355,3526,2
3110,3458,1
3458,194,1
194,3966,2
3649,4205,3
4205,909,1
2781,4395,2
4395,2786,3
2786,3414,2
5022,1200,3
4395,2276,3
4904,1765,1
1765,2929,2
4611,3175,2
3449,4456,2
1837,1381,1
615,812,6
2786,184,1
101,1819,7
1819,1765,2
273,3458,4
3700,3054,1
1235,3139,3
3139,184,1
407,1840,1
3235,3559,1
3054,3458,4
3235,2308,1
2308,4338,1
4338,990,1
3700,4205,1
4205,1765,2
4894,1345,2
1345,1912,1
1912,3559,1
3559,4241,9
2991,2829,1
4262,2027,1
437,1381,2
3071,2771,1
2771,2264,1
2264,286,1
286,4894,1
4894,4761,2
1747,2308,1
4894,2308,3
2378,4611,1
3355,4611,1
3,2832,7
2308,1837,2
194,2264,1
3139,2757,1
2757,3110,2
3110,1840,6
615,1125,16
634,3826,4
3966,3779,1
3700,4620,1
1125,3966,4
3559,421,2
421,4456,2
3700,4483,1
1221,4073,5
5022,407,2
407,3458,1
1750,2703,6
2703,3458,4
2832,407,1
2829,1750,8
1750,3439,3
4894,3458,1
4483,1449,1
1449,5022,1
4611,5022,1
5022,3526,4
3779,3071,8
4395,3414,12
671,3966,1
3966,2329,1
4773,2264,1
1381,3526,14
4395,2264,4
1837,4611,15
1676,3414,1
2425,2595,1
2595,3526,2
3755,291,4
1235,3919,4
3919,2143,6
1381,904,1
1627,4268,1
2184,2991,6
615,2027,4
2027,5022,5
5022,3414,1
4483,1849,3
3449,1849,2
2832,2012,9
286,2184,3
2991,2865,1
4909,291,1
3533,101,1
1082,3533,1
2949,2184,1
2184,3163,2
1082,286,7
615,4073,1
4205,2184,2
2358,3912,4
3533,2703,2
2703,2184,3
2703,3533,1
3533,437,1
4395,2184,2
2184,554,2
554,3957,1
3533,4395,2
4395,4611,7
2986,2184,1
1747,2703,3
4483,5022,1
5022,2832,2
101,1082,2
1235,4205,2
3533,3526,2
3526,3449,4
3449,93,1
1403,2184,1
3491,2012,5
2308,2184,2
2949,3526,4
1235,2012,4
3491,2378,3
3533,4611,2
4395,3110,2
4241,4268,4
2184,3235,2
3526,2329,2
3533,2184,3
2856,3533,2
2184,2590,2
2590,291,4
291,4073,1
3533,2264,2
3826,3449,1
101,4257,2
4257,2184,1
612,3533,2
916,3163,9
2184,4395,4
4241,4437,6
1631,2703,6
2786,3533,1
2264,2184,1
916,615,5
916,3912,1
4773,1125,2
4773,2786,1
2184,194,1
2832,3110,1
3533,3491,1
2184,291,2
291,3054,1
2378,1125,12
1200,909,1
2786,1200,2
2786,1125,5
615,4395,6
3035,3533,9
4205,2829,3
615,2832,1
3449,4773,1
3533,3356,1
3356,3458,1
3458,291,2
361,2856,1
227,4241,3
4205,1345,3
615,1837,1
194,3414,1
1526,3526,3
2786,2986,1
227,4483,2
899,1381,1
4205,291,1
291,2027,4
220,615,1
1345,4165,2
361,2786,1
1125,2276,3
2276,3449,10
3966,2781,1
4437,3049,6
3049,2258,1
4268,2832,9
4738,1082,4
1082,2771,1
1381,3190,2
273,4268,10
4268,3163,1
3163,904,1
4738,1235,2
1995,3449,3
1837,5022,2
3526,3458,5
2264,4395,2
4611,4594,3
4594,1381,2
1381,1082,3
753,2856,4
3475,2832,1
2590,899,2
899,3757,1
4773,3912,4
3475,3526,3
227,2986,1
2986,3755,3
2595,4761,5
4761,3163,4
2258,386,1
4909,753,2
1627,3054,15
3054,2757,2
2143,1403,1
1403,2275,1
2358,4456,1
2991,2027,2
4205,4611,6
4956,2986,2
3475,2786,4
634,2173,2
1082,812,5
615,990,9
5022,2757,3
671,2703,10
2832,386,5
1837,3190,2
2004,3458,1
3700,5022,2
2595,3356,10
1765,2704,15
2704,812,1
3475,2757,1
1345,1449,1
194,2732,3
671,1381,1
2703,3526,4
361,3491,1
1965,3826,2
3826,2308,2
2308,2004,24
2004,3235,3
3966,3919,2
220,2539,1
93,3054,3
2986,3826,2
1747,3559,1
1563,4073,2
2358,1965,2
2308,2584,5
2276,4611,2
1526,4262,6
4262,2832,5
1221,291,2
286,1837,3
3751,2929,1
4395,1403,4
2829,3127,11
4483,2704,2
2004,4395,6
2704,2786,2
3491,3054,1
2991,4437,4
2004,3526,24
4620,1381,2
1381,3127,1
3491,220,1
220,4956,1
2832,3054,8
3054,1765,4
1381,1965,2
2704,4205,2
4205,4437,1
3049,2829,8
904,3559,1
2704,3449,3
1765,1837,4
3751,273,1
1345,2704,2
4956,2781,1
2595,2327,3
2308,3449,2
2704,4611,3
4395,4738,3
1631,1125,7
1819,1345,3
291,2750,3
2704,2949,1
4205,2358,3
2358,634,1
407,1125,11
2378,2013,1
1125,286,1
3449,286,4
286,615,1
899,2276,8
3449,2276,6
1750,286,4
3966,2949,1
1737,4395,3
1381,2856,1
2856,1747,2
1747,671,1
4761,3321,11
93,812,2
1125,2308,2
2704,909,1
3475,5022,6
1221,909,3
1381,615,3
2704,1226,5
1226,407,1
407,2986,6
3449,3049,7
1995,3912,1
1995,2750,1
1125,2704,1
753,1765,2
2308,1995,7
1995,291,1
3526,3559,1
2704,904,1
2704,286,1
2703,3127,2
2027,4073,11
1381,3439,3
1837,4268,4
3054,2027,1
3110,4738,10
4483,151,1
612,4611,1
4611,3414,4
1676,1837,1
634,2427,9
2427,4611,5
1381,1125,2
1125,2590,17
2590,4437,1
4437,634,3
4956,3127,1
184,2004,2
4165,291,1
2829,2584,19
2584,634,1
2751,2781,1
2781,753,3
753,2929,1
3235,3458,1
407,4268,1
4268,437,2
3763,4073,2
2986,1208,5
1995,2856,1
3700,3966,1
3966,2786,1
2786,3121,3
3121,3356,7
2203,4611,2
3414,3700,2
671,2786,2
2750,2308,3
2590,3912,3
1995,4620,2
4620,291,2
286,4268,2
5001,990,1
1235,2212,2
2212,5022,16
5022,3757,1
5001,978,1
978,753,1
3491,2856,6
3449,101,3
101,1078,1
1078,1235,11
286,1226,1
2986,3919,1
753,151,1
3301,2986,2
3449,3700,1
2750,2991,9
3700,1995,4
1995,2358,3
3301,2703,5
3054,1381,1
3,2358,2
1765,1995,7
1995,2949,1
2949,1765,1
2329,4738,1
3475,3110,1
1082,612,2
612,1765,1
3110,612,1
1965,4395,1
4395,2308,5
2308,184,1
1837,2732,1
2781,2856,2
615,909,3
909,4205,2
4773,3127,2
3127,291,5
1381,3751,1
3751,812,1
2949,2703,1
93,2732,1
671,1965,5
2703,2703,1
1381,2013,1
1235,1737,1
1737,3912,1
2750,1765,2
4483,2275,1
2751,4073,1
2329,2264,2
2737,2143,5
2143,3110,7
2264,2949,2
2949,2991,1
2991,4761,1
1235,3127,6
3127,1737,2
2427,4761,1
3700,2786,1
1200,4677,5
4677,3110,6
3110,1200,5
1200,2078,1
2078,3110,4
3110,479,3
479,2258,6
2751,3127,1
3700,4761,3
4437,2275,1
2329,4073,1
4909,2949,3
2949,2327,2
4904,2572,1
2572,2427,1
2829,2212,17
2212,3449,11
3526,1125,5
2427,3110,1
2427,671,3
1627,3475,3
3526,2856,11
1235,909,7
3,2013,3
286,4732,1
4732,759,13
759,554,1
554,3356,7
2750,554,2
1965,554,5
554,3755,2
2327,1765,2
5001,3966,5
4956,2751,2
3091,899,1
912,2590,2
2590,2004,1
4909,3,2
812,3049,1
1381,2750,1
1995,4395,4
4677,2703,7
4620,3449,8
1125,2027,4
2027,3475,1
3475,4205,1
3491,2212,2
2212,1125,3
1125,3475,3
3301,2832,1
2212,4611,6
1125,1381,1
1381,2786,1
194,3475,1
4205,1125,2
3163,4620,5
1747,407,2
273,4732,1
4732,3515,1
1345,3163,8
2832,3515,1
753,273,1
2425,2703,3
4620,3515,1
2013,2590,3
634,1849,7
361,2264,1
2264,1125,11
291,4205,3
4205,2427,1
4483,220,3
3718,2308,1
1125,4241,10
3491,3515,1
2590,4620,3
4620,3414,4
2425,2590,1
634,3449,3
2212,3491,2
2703,4073,4
2258,4732,2
2425,3449,2
93,2308,6
4858,437,1
759,2427,2
912,291,2
1125,2258,1
759,1226,2
4677,2991,5
2427,3966,2
812,2991,1
3091,3919,1
1082,1737,1
916,4226,5
5022,3127,1
3127,4205,4
615,1235,7
3110,2258,17
3449,812,3
812,3439,1
3439,4205,1
3491,2781,1
2832,2427,7
2427,990,1
1965,912,6
1965,1139,1
1139,2590,1
1381,2590,3
1631,4395,1
4395,2427,1
4909,4241,3
4594,4205,2
1082,4426,2
4426,728,5
3526,2276,1
1965,479,1
479,1995,3
1995,2378,1
1208,2832,2
4858,4849,4
4611,3700,1
4858,3190,2
1995,3755,2
2329,2203,1
3755,2704,1
4205,1082,3
1082,2929,2
615,2929,2
4956,3700,1
3700,2013,1
2786,4761,3
4456,4738,1
2703,4231,2
4231,4395,4
4594,2427,1
3127,2595,1
2595,2832,5
671,1985,1
3190,2212,1
4909,4761,1
899,2308,1
2308,2212,7
2991,1676,1
4761,3110,3
4205,93,3
4395,1200,4
4858,1837,4
4611,2737,2
3110,4611,4
990,1995,1
1995,1082,4
1082,2027,3
2991,899,4
899,2358,1
2358,1082,1
1082,615,1
812,4858,1
4858,671,2
671,479,2
1082,3458,2
615,2757,6
3175,2991,1
2986,1995,25
1965,2751,1
615,101,1
4205,3449,3
1965,2212,3
2425,2991,18
2757,2276,1
4231,3355,1
244,1837,5
93,4920,2
2986,244,11
244,2929,2
2929,273,1
2264,615,2
4005,93,3
2832,2078,5
2078,93,1
1837,3035,4
3035,244,1
244,2173,1
244,437,3
912,2949,6
4231,2703,14
2595,244,1
244,184,1
4956,2013,1
4611,2750,4
2832,4231,14
4231,3121,1
4620,1965,1
1837,2865,1
2856,244,1
1837,4759,1
912,2173,1
244,4395,3
2829,4231,8
4231,2832,3
2832,244,5
244,3526,1
244,4611,3
2066,2856,2
3054,4594,3
244,2703,5
1082,2856,8
4231,2143,1
2143,2929,3
2929,184,5
1765,244,2
244,3054,3
912,244,3
244,1403,2
1403,4483,1
227,2929,1
2929,1125,1
2703,227,5
2929,4920,2
4920,1912,2
1912,151,3
3515,2427,1
1403,4620,1
3649,4231,1
4231,1235,7
912,437,2
2258,3957,12
386,4761,2
2737,3526,3
1819,3966,5
4073,227,9
227,421,1
2829,244,4
244,421,1
1221,2929,1
2986,2078,7
4226,4738,1
4620,244,3
244,3966,1
4677,990,1
990,1526,4
4268,1837,1
3559,3491,1
4849,2929,1
3559,3449,2
3449,615,6
2750,1840,18
4773,3190,3
2986,5001,2
5001,3751,1
4761,3718,3
759,4395,4
3649,2829,2
4241,2732,1
2308,437,4
1747,3779,3
4268,2929,4
2012,2572,4
3515,4268,2
4268,2829,6
2703,93,2
437,2184,1
151,4761,3
3515,4761,1
4894,2012,1
2264,3121,1
3121,3,1
3,3321,1
2264,93,2
286,2986,2
2703,2329,1
3559,2829,2
3559,554,1
554,615,5
1221,4738,7
4268,4849,1
2750,244,1
244,3235,1
3966,437,1
437,3127,2
3127,2618,2
615,3449,6
2750,3559,3
3559,615,4
615,3235,1
4338,671,2
4257,1765,1
1221,2013,5
3235,1403,3
1403,634,2
812,244,1
244,291,1
634,1765,1
2258,1765,5
3414,227,1
1765,421,1
1995,4911,3
1765,2572,2
2572,3235,8
2856,4205,6
2703,291,9
194,2949,1
2949,3449,1
2829,4338,4
4338,3235,2
3718,407,1
2143,2143,1
3235,3091,3
93,1125,1
4268,1125,2
2703,2425,2
2143,2865,1
2703,4732,4
990,4231,1
2212,93,6
1125,2427,11
2258,3035,1
3035,4005,1
4005,3526,1
2066,4231,1
4231,3826,1
273,4005,1
4231,4620,68
4620,4611,10
978,634,4
2865,3526,5
2856,1526,6
3054,2203,4
2212,3526,7
2832,194,3
1627,194,3
812,3692,1
3692,2832,26
3515,3649,2
2442,437,1
3718,3127,3
4620,2066,1
1750,3054,1
2556,1235,13
4738,1914,1
3449,3515,1
386,2308,3
4005,2143,1
2143,4395,1
1840,3559,5
4268,4437,2
4437,2358,2
4268,2949,2
1403,2329,1
3526,4005,2
3091,2276,4
2276,3526,2
4338,437,2
437,4732,3
4732,3,1
4231,3190,2
4268,2329,2
2329,2358,1
4073,1985,2
1985,4894,1
4894,1235,1
1235,812,8
3912,3751,1
2986,3912,1
2929,2308,3
93,273,11
1235,4732,4
4738,2184,1
3515,1200,1
2308,4677,1
4677,4395,4
1200,3526,1
2771,3526,6
2308,2829,5
3163,753,5
4395,3491,3
3475,1627,2
4395,671,1
2329,4611,2
990,1747,2
4677,4268,1
4268,479,1
479,2751,2
2143,4226,2
1403,2027,1
2027,2986,11
3449,4257,2
4257,273,1
2595,2329,9
1221,1912,2
1912,1125,3
2212,2771,2
1226,1912,1
2986,2865,23
3054,2212,1
1631,3966,1
3763,2703,1
4773,151,4
151,3356,1
3235,3718,1
3127,3091,1
3091,4611,2
4005,2832,4
2385,3127,1
2618,3235,1
2618,4005,1
3175,812,1
3526,244,1
1631,2856,5
3054,2781,7
3355,4773,2
1139,2184,1
2832,1139,8
1139,2781,1
4909,93,2
1078,3526,7
2358,812,1
812,1139,1
1139,1837,6
1837,4437,2
2358,244,1
2703,1139,4
1078,3491,23
2949,1367,2
1367,1078,1
4620,2258,2
2986,1139,6
1139,437,2
2986,1078,1
1078,2832,2
1139,2832,2
3966,1627,2
3526,1078,27
1078,2378,1
2378,4231,1
1078,3110,1
3449,2378,6
2378,2751,5
2358,1078,2
1139,4395,5
4620,2771,1
194,1125,1
3127,2427,3
2427,1631,2
244,1235,3
2781,4738,1
1078,3356,1
3091,3054,5
2703,1078,1
4611,1985,3
2832,4620,7
4231,2358,3
1078,1840,1
3966,1631,3
1631,2329,2
2750,2703,2
4395,4437,1
3235,4964,1
1345,2732,5
2732,1345,6
2757,615,1
2329,3475,3
3110,286,1
1837,909,9
4611,1139,4
2358,4231,1
4231,4611,10
2329,2929,2
2264,407,1
2751,3190,3
4231,1139,1
1139,3091,1
2986,4231,5
2832,479,7
2737,1125,3
1235,93,1
93,2737,1
1221,1139,1
1139,1403,3
1403,2991,1
4956,244,1
244,2991,4
2991,4338,1
4338,273,1
273,3301,1
3235,2212,4
4620,1139,2
3919,1139,1
2385,2358,1
2829,1714,35
1714,2832,42
1125,3054,1
2276,2212,2
2276,4856,4
386,4611,1
4268,3755,3
2590,2732,6
2832,437,3
437,4073,3
2425,2829,2
1837,3175,3
1139,3321,1
3515,4620,4
4620,2203,5
2203,1676,1
1676,3449,3
2212,2427,1
2427,3491,2
634,3175,2
3175,2212,1
1221,2781,1
3054,4596,6
1676,437,1
2786,3966,1
2143,93,10
2385,4257,2
2929,2385,5
2385,1125,2
4257,2143,1
1403,2704,1
3175,1965,2
3449,1627,7
2732,3449,1
2703,437,3
3235,220,1
2425,3163,2
1125,2203,2
1078,4611,3
3526,1139,1
1139,634,1
4620,2856,1
3127,4231,2
4231,2329,1
2078,671,1
3163,4611,4
4611,4677,1
4677,3449,5
2378,3526,5
4732,1367,1
4231,753,1
1078,437,2
291,1139,3
1139,3526,3
2703,4456,2
1139,101,1
227,1078,1
1139,1226,1
1226,291,9
2781,4611,2
4005,3449,3
3449,2212,4
2308,4483,2
2703,2786,11
2786,4231,2
634,2264,3
2264,4257,1
437,3526,1
1139,3139,1
2832,2329,1
2329,3054,8
2358,3049,5
1627,4437,1
4437,4620,2
4231,3491,1
2856,2078,1
2078,2781,1
3449,1078,3
1139,2703,4
4759,2829,6
4904,2832,2
3755,3966,4
3966,4904,1
4904,4395,1
4849,4956,2
2832,3049,2
635,1995,1
1995,3526,7
4611,2203,5
1221,812,1
4761,3526,9
3526,671,2
1235,4761,7
3515,4226,6
227,2829,1
4761,3491,1
1200,1078,7
1078,2991,1
2991,4611,1
4483,1200,1
5001,3449,3
3054,1200,2
1082,3414,2
4956,812,1
812,2143,8
1837,1078,1
3491,1200,6
3110,1078,1
479,3127,4
1200,4257,5
4257,437,5
3414,2771,2
2771,4956,4
437,4761,6
1078,2358,1
2004,2703,4
1139,4483,2
4483,3163,3
3163,1563,1
4611,4611,1
2771,1367,1
2329,4262,3
2184,4596,2
671,4262,5
4262,3127,1
2143,4596,3
273,1078,1
3526,479,5
2829,1078,2
1078,2184,1
4437,2258,3
812,1995,1
4620,2757,3
2732,3526,1
1345,3321,6
2786,1345,1
3190,4395,3
1627,3235,5
3235,1078,2
4372,2986,1
1139,2004,1
4231,3966,1
3966,286,1
812,291,1
3491,2757,2
437,3054,2
1849,2004,2
4773,4073,4
4073,3127,3
2308,4738,2
612,227,3
227,4761,1
916,194,2
2258,3526,7
4226,1200,1
3491,3121,3
2590,2275,4
5022,4761,2
2595,990,1
990,220,1
2832,1078,4
4761,3751,1
2308,916,9
1139,3356,2
1139,2991,2
291,437,3
1221,407,11
3491,2427,1
5001,1345,3
1345,3091,3
437,1985,2
1985,437,2
2832,635,8
1837,3919,1
407,2856,4
2703,2442,1
1125,2829,8
4773,1078,2
1078,1837,2
1125,3439,3
3439,634,1
1078,2004,1
2004,4620,1
3127,1526,1
1631,916,5
2427,1840,2
2829,1985,13
1078,4395,1
2832,4759,7
4759,2143,4
4849,3127,9
194,1078,1
1078,1345,1
3491,3127,3
1226,1526,2
4005,2358,1
3757,3700,4
3700,2865,10
2865,4773,10
3526,220,18
1750,2829,8
2832,5001,6
437,3235,1
3235,2829,3
3110,2327,1
1345,2275,2
2829,978,12
978,2832,10
4732,5001,1
5001,1403,1
1403,4596,1
3439,4856,3
273,1750,8
3757,1082,1
2385,2829,3
2929,4620,4
1627,2829,1
634,2358,1
1965,3700,2
3700,1345,2
3439,1965,1
3301,1345,1
3439,3449,1
1985,2829,1
479,4073,1
4773,1750,2
3449,1750,1
2832,3526,1
3826,3439,1
4759,2737,1
2737,1750,2
3526,3127,4
2751,1750,3
1750,1631,3
3121,4964,1
4964,93,11
1750,3491,2
3491,1750,2
1750,93,4
93,2143,2
1563,3127,4
3491,2143,2
1750,2264,2
1750,1226,1
1750,3526,2
978,3449,1
3515,479,4
3054,4073,1
3757,2078,4
1235,3700,1
4894,407,3
3449,4759,5
2832,1526,1
1526,4257,1
4761,899,2
899,4964,1
4964,2703,2
3121,93,2
5001,2829,2
1985,4964,1
1139,286,1
812,2442,1
4268,1235,8
5022,286,4
4241,1078,1
554,3054,1
3054,3127,8
184,1381,1
1235,3110,1
184,2427,3
1995,1235,5
1235,4456,1
4956,1965,1
1965,4904,4
4904,3526,5
3526,4759,7
4759,2786,3
4849,2986,3
1837,2143,2
2732,4395,3
4594,1139,1
990,916,2
3054,273,2
3071,184,1
812,1078,1
1078,3751,1
3751,4964,1
1381,4241,4
1235,386,1
386,3449,3
2949,1139,1
2781,4911,2
2078,3356,2
1403,3049,1
2143,1078,1
2703,4849,6
386,2750,1
3449,5001,2
3190,1235,9
5001,3763,1
3763,3356,2
554,3127,1
4620,3751,1
2385,4858,2
4858,916,4
2590,4456,6
3110,4338,2
2308,386,1
2829,3966,4
4909,1750,1
1750,3966,1
671,3763,5
3763,2308,2
4858,554,1
4849,4759,2
634,151,1
4858,3356,3
2781,3110,1
3763,2986,8
4858,3449,3
1139,2027,1
2027,4268,1
3175,407,1
1139,4611,3
1750,1078,1
916,3966,6
3049,3121,1
4226,1078,1
4226,909,1
2385,1345,2
4956,2358,2
3110,3559,1
3110,3235,2
4620,4738,2
3700,4231,2
2385,3449,2
1208,4231,1
4620,4395,5
4909,1082,1
1082,2556,3
2556,437,4
1403,671,1
671,2329,5
1985,3110,2
2751,4231,37
2737,4231,2
2556,2737,1
2737,1367,1
2066,1965,1
3515,2786,3
2786,3054,3
1914,2737,1
1627,2786,1
244,1627,1
2556,1837,10
2358,479,2
479,4231,2
4231,1345,1
2595,2556,1
2556,184,1
2832,1627,2
3110,2143,1
4773,4257,3
1765,2556,1
2556,3054,7
220,3526,3
2556,3091,4
3127,2300,2
2385,3957,1
3826,2949,1
2327,2737,2
2737,3718,1
286,2829,9
1747,2013,2
4395,2732,1
4909,3526,6
4738,479,2
479,2737,3
2737,1627,5
1627,1078,2
2308,2751,4
1676,2703,5
2703,2327,7
4241,4620,3
990,2737,2
2737,2276,1
407,812,2
1627,4226,9
2757,909,1
909,3449,2
2556,3163,1
3163,3054,7
3526,4205,1
2329,753,2
2308,2556,1
2556,3235,6
1714,3526,3
3054,612,2
612,2300,1
912,4911,3
2078,2590,1
2258,1985,3
4620,2556,4
4426,2556,7
1226,4437,1
4437,5022,1
1226,437,1
2308,4073,5
2329,2012,1
2986,4426,13
2143,753,3
2865,4732,1
1345,3919,1
2556,3127,1
1676,3127,1
2442,4395,2
1235,635,4
2590,2329,4
2832,634,4
2732,812,2
2556,2027,1
1750,437,1
4231,3526,6
4620,479,1
4231,4761,1
4761,1403,1
1403,3190,4
4620,1750,4
3966,4964,1
3091,194,2
2750,1750,1
1750,4761,1
2703,2556,10
3091,2203,2
2929,615,2
2308,1631,3
2143,4738,1
2949,4761,12
437,101,1
3163,1750,2
4596,2203,1
2595,2203,1
3127,3458,1
1631,2832,1
2329,1849,3
4620,812,2
812,1750,1
1750,3449,2
361,4738,1
2327,3127,3
2143,1345,1
1837,3458,3
3458,2264,1
2264,2203,3
291,2703,5
2986,2276,9
2276,4956,2
2832,1750,5
386,3755,1
93,3414,1
407,151,2
151,3649,1
5022,1345,1
2308,4732,8
1840,812,6
3439,2275,1
479,1765,2
2832,4909,2
2013,916,7
3491,2703,1
2276,2572,6
291,2556,3
2264,1965,1
3356,4620,1
1750,4241,1
3356,3763,1
3763,4759,1
2750,3779,1
3919,2751,4
4620,2276,3
2276,1750,1
2751,4911,1
3,2275,1
2427,916,6
3559,2590,2
2590,3919,1
3110,1345,1
4241,2829,2
4773,1965,4
1125,4268,4
4268,3356,2
3449,194,4
1750,2378,2
3526,194,3
194,4620,1
1750,3356,1
2986,1750,2
1750,2556,15
2556,1750,1
2556,3049,2
5022,2427,3
3235,3414,1
3966,634,3
4761,554,6
1200,1750,2
1750,1837,3
4437,4761,10
899,4073,2
4761,3071,4
3071,3449,1
2732,1235,2
634,3235,5
3235,3526,7
1750,1235,2
4073,1235,1
1914,2556,1
2556,2832,2
1750,291,1
437,286,2
1226,3449,1
1819,3356,5
2442,2556,1
4611,3121,1
3121,1819,1
1819,407,2
1750,1345,2
3475,2378,2
227,3110,3
3110,1082,1
2556,4611,4
4268,2276,2
2027,2143,1
3110,2027,1
4759,2556,3
2143,2013,1
2327,2212,1
2264,1345,6
1631,273,3
2556,2829,4
3439,2786,1
612,671,1
1345,101,1
101,4596,1
4596,184,1
3127,4856,2
3439,2276,2
2308,4759,1
2004,4964,1
1765,1750,2
2556,3966,3
1747,3054,1
3049,273,2
291,1750,4
1403,437,1
437,3110,1
3110,2276,2
812,3449,4
4205,4241,1
2276,1840,1
1840,1381,1
3439,4849,1
4849,2173,1
2556,4738,1
2427,5022,1
5022,291,1
1750,4395,1
899,4849,1
4849,1840,1
1840,3449,1
3449,2027,3
3966,1750,2
2572,3449,4
1750,916,1
634,2327,1
2327,2276,1
1765,916,2
916,1345,5
1381,1750,1
1627,2732,1
1837,3235,1
2427,2750,1
1840,101,2
4483,2012,1
1750,4437,1
3235,4620,3
1631,3755,1
3755,3235,2
2264,101,1
3757,4483,1
3163,4226,1
4226,1914,3
3475,273,1
2027,407,1
286,3121,1
2004,2991,3
291,1082,2
2991,4738,2
4738,4268,1
194,1563,3
1563,1912,1
3526,3826,1
194,1750,1
2556,1125,2
2556,2173,1
4956,1082,1
2829,2276,1
2949,2308,3
4773,904,2
904,1125,7
2949,1125,4
1627,4773,2
4677,4241,2
4241,4911,1
4268,2781,1
1676,3356,1
2991,3049,1
3175,2378,1
2786,3235,1
3175,3235,1
2949,2556,2
1345,554,3
554,4611,1
2556,615,3
753,4338,1
2991,3449,3
1676,2556,1
753,3449,1
2865,2184,1
2865,1837,5
4909,2829,2
2865,437,5
2829,2865,20
2865,1627,1
899,2829,5
4231,3449,3
3919,3449,1
93,2258,5
1367,1627,2
2865,3110,2
2786,2865,1
2865,291,1
291,2212,3
4231,671,1
3163,184,1
4956,753,1
753,1965,1
1837,1965,1
273,4231,4
4620,4858,1
2786,1747,1
2264,3439,1
2991,2732,2
912,93,2
93,286,5
286,2786,4
3957,1125,2
4620,2865,4
2212,4858,4
4773,4231,3
4620,3526,8
2865,4395,9
2865,2991,7
2991,4456,5
2929,1747,1
1747,93,1
93,2865,1
2865,2703,6
3449,2865,9
3919,273,2
273,1367,11
1367,634,1
2425,3919,6
3919,2865,1
2584,2856,1
2856,2865,2
2865,3054,6
2584,2703,3
4395,4594,1
1819,4732,1
3919,812,1
812,2865,4
2865,4620,5
2276,4231,2
2865,1235,6
286,4483,3
4338,1849,1
479,4257,3
634,4338,1
4338,1125,2
407,2013,5
1849,2212,2
4437,2327,1
4073,4338,1
1985,1737,13
1737,2829,1
4611,635,4
2949,2258,1
2750,101,2
3649,1526,1
2308,635,2
4241,2308,3
4858,4268,2
4257,3755,4
4241,978,3
151,671,1
291,990,3
990,2300,6
2442,2751,2
2539,291,1
93,4073,3
612,3449,1
2751,101,1
3515,4611,3
2276,93,1
3439,1403,1
612,2929,1
2013,1345,1
273,2572,3
2572,2329,1
4073,671,1
2986,4964,4
2012,4268,1
612,2786,1
2986,4858,3
3439,291,2
3449,3163,2
3163,3966,3
93,2012,2
2703,2358,3
2358,4620,3
2539,2829,1
2425,4483,1
3919,4268,1
635,2865,12
2865,3190,2
1995,2991,8
3235,812,3
1840,291,1
2425,3054,7
4205,3127,2
3235,635,1
2329,4268,1
273,2584,4
2832,3692,8
3692,1235,3
2865,2173,1
990,2865,2
3190,2832,2
753,3779,2
1995,1837,1
2258,2865,3
3491,3919,1
3163,291,3
759,4761,1
2590,3966,1
671,2781,2
1221,3779,2
3054,1082,2
635,1837,1
3718,2786,1
1985,4257,2
4257,1200,1
1837,3054,1
3054,3491,2
421,4620,1
4620,4761,2
1082,1200,3
4909,2991,3
3458,1125,2
1449,2703,1
2703,635,1
3491,2865,2
2865,1367,2
3826,2929,1
2865,1125,1
2829,407,3
2264,904,1
437,3757,1
2308,1819,9
3449,3121,2
1125,2856,2
2258,635,2
2703,4594,3
4761,3439,8
2949,101,1
3449,4596,1
3121,386,2
4894,1125,2
2425,1235,8
3919,2986,5
2732,2013,10
5022,2425,1
2425,4773,1
904,635,1
3110,635,2
3649,437,2
437,4395,2
1819,4611,1
3515,3919,3
3919,2203,1
4620,4732,1
4732,4231,1
2781,3091,1
3091,753,1
3110,194,2
1367,2991,2
2829,2427,4
2427,4231,2
286,3526,2
1235,3449,4
220,1849,1
2829,2004,3
3751,1849,2
2012,1995,1
1995,2184,1
2986,1125,2
2757,2327,2
2327,2986,2
3755,1125,4
4773,2173,2
3449,2327,2
634,3356,1
2991,101,1
1200,4395,1
1912,3751,1
4761,194,1
2703,3491,2
2590,4594,1
1200,4732,4
1837,2027,5
2832,1714,3
1714,3718,1
2590,753,4
1714,1125,1
1125,1125,1
916,1403,1
3649,2991,1
3054,291,3
2832,3649,1
4073,1819,1
1819,1235,3
4241,2276,1
2276,291,1
2829,2595,4
4594,2750,1
3449,3175,2
3175,4005,2
612,1819,1
3526,1381,3
1819,2066,1
2066,1367,1
2427,4338,1
2258,3054,7
4677,3526,3
2427,184,1
184,2572,1
4483,4738,1
2703,3966,2
812,635,2
4858,2590,1
4241,151,1
3356,1235,1
4858,3966,2
2829,2078,7
2078,4773,1
4858,3439,2
3175,909,1
916,2308,1
2703,1985,1
1985,4231,1
4231,916,2
5022,812,8
2258,2427,3
3755,2385,2
2308,421,3
2275,4611,2
2004,4241,6
4241,3919,8
3919,635,1
4620,3826,2
4231,1631,4
479,2865,1
635,615,1
3919,2258,1
2258,4231,1
3826,2276,1
4241,2212,2
2829,1345,1
2865,2829,3
3127,220,1
3526,2012,3
2012,3190,1
2786,1837,1
2013,3054,4
1563,2856,1
1563,4856,4
671,4395,3
4395,1125,9
2308,2865,2
3449,2590,1
2590,2308,1
2308,4620,2
4620,151,3
4773,2732,8
1965,4911,1
2590,4268,1
2781,1631,2
1631,2865,3
4956,3049,1
4005,2986,1
4268,361,1
4732,2427,2
634,2275,1
1125,4620,2
479,4759,1
4761,4456,2
4456,4395,1
2203,4761,4
1221,3763,1
3763,1200,1
2203,1345,2
2732,4761,2
2929,1200,3
3190,3449,3
4761,93,2
2703,3414,1
2832,3449,3
2027,2750,1
3190,4437,2
2829,3692,10
1747,4761,4
4268,671,4
2832,4761,3
3763,812,1
1837,4073,1
1914,671,1
3692,3966,2
3526,3110,2
3110,291,4
291,3127,2
916,2329,7
4761,2264,1
2264,4761,2
634,1200,3
291,4761,1
2590,4738,6
4738,634,5
4894,2986,2
4956,93,4
2556,4231,1
4268,4073,1
916,4738,1
671,2013,14
1235,2732,1
5022,4956,2
1381,2771,1
1747,4611,4
612,5001,2
2378,2143,3
3692,3110,1
273,4904,3
1747,2275,2
2750,990,1
615,437,3
437,990,1
990,615,1
2143,2275,3
2732,1965,2
1965,3649,3
3649,1125,2
2832,3966,1
3966,3491,1
3449,2732,2
2203,2856,1
2750,1914,1
4241,812,2
437,2771,2
2771,4611,1
1995,437,2
1819,2986,3
4773,2584,4
1125,3755,2
2264,3755,3
2703,5001,2
2308,5022,1
1367,1837,3
2832,2203,5
916,2986,2
2308,4456,1
3449,916,2
916,1125,2
1125,634,2
671,1914,3
1995,3163,1
3054,3,1
1995,916,5
1631,2750,3
3175,2308,1
1082,151,2
151,1125,2
1125,904,1
1995,286,1
4483,990,2
1125,4226,3
361,2986,3
2358,2264,1
2264,2308,2
437,2378,1
753,2212,1
1837,2066,1
1995,421,1
421,3163,2
3235,4437,1
3692,3449,2
1221,421,1
2078,2572,1
3449,1985,2
1995,1912,1
2584,4395,2
1995,4483,1
4073,2590,1
479,1819,7
1819,1965,1
1995,4268,1
3718,3449,1
2027,2358,1
2358,2078,1
184,2865,1
2865,3235,5
2832,4911,2
2425,1837,5
1837,4338,1
4005,3035,3
2865,4241,7
4241,1345,2
1345,1235,2
1995,3235,2
2750,2590,4
1837,4732,1
990,3414,3
479,3356,2
425,2829,1
3110,2865,2
2327,4911,1
2751,1125,1
912,1849,1
4580,4395,3
4205,3491,1
2703,2275,1
4894,1914,1
4426,4580,3
437,4580,2
4580,2173,1
1221,2786,1
2832,4580,2
4677,437,2
437,634,2
1819,2856,2
184,2737,3
4580,437,3
2949,2737,1
2737,1082,2
2771,899,1
899,2750,3
2703,4580,1
1676,1345,1
671,4580,1
4580,3163,1
1235,2771,2
286,2832,5
2258,912,9
912,3110,2
2258,2737,2
2829,4580,10
4580,3235,4
1849,1747,4
1747,3049,1
4580,2832,4
437,1526,3
407,4620,1
3071,2737,1
1840,1849,2
2173,3826,1
2991,1078,1
1078,2703,1
2308,1526,1
2832,2771,6
2829,1139,1
2556,2358,1
2358,4594,2
5022,759,1
2258,2556,1
4262,2078,1
2078,2991,7
2757,407,2
2078,437,1
2590,2929,1
3054,2771,1
1221,1235,1
2832,1235,2
2865,753,1
437,1200,1
286,4761,1
4761,4620,2
4611,2556,8
1221,2275,1
1747,2264,1
912,4580,5
2425,2427,2
4338,2066,2
2066,2703,1
2703,4257,2
912,421,2
421,4338,1
2865,4005,1
3127,4257,1
4894,2556,1
3127,1765,2
1765,4257,1
3757,4580,1
2258,2027,1
3449,4580,2
3449,2737,3
2771,2829,1
2750,4268,4
3235,4580,1
4580,4338,1
4338,1082,3
1082,2212,1
2425,1965,1
3235,4732,1
2425,4338,1
4956,4580,1
4580,4620,1
4231,3049,1
2385,1840,1
1840,2425,2
3121,4205,1
4205,4395,2
3526,1965,3
4226,93,1
4611,4580,2
1737,3449,3
3449,4262,2
2308,2991,5
291,2258,1
2751,2786,2
812,1985,1
3235,3127,2
3700,2737,2
4732,1737,1
1737,4620,1
4580,3127,2
3356,2732,3
4580,554,1
2703,361,1
361,3356,1
3071,1125,1
1837,184,4
3649,812,1
184,2991,1
2556,4483,1
4483,2703,1
2865,2275,1
1367,671,2
1367,4911,1
437,3121,4
912,4773,6
2584,2991,1
634,184,4
1125,909,2
4611,4738,1
2184,1226,2
1226,2329,1
4231,194,1
1221,1403,1
1403,1125,1
2329,479,1
1125,3091,1
4894,4738,2
2737,2829,1
990,3110,3
4738,2786,1
909,912,2
2703,3919,6
3919,4005,1
4005,671,1
2595,437,1
912,3321,1
3491,1737,1
2358,2856,1
4759,4611,2
3718,912,1
2264,3110,1
386,4738,1
912,4226,2
3071,1367,2
2703,2300,2
912,916,1
1125,3449,7
1221,4677,2
2856,4611,1
3449,3692,1
3692,671,1
671,3321,1
759,3321,1
671,4677,1
2750,2184,2
2184,904,3
407,4005,1
2929,990,3
4611,4231,2
4773,1367,1
1367,3190,1
361,2258,1
1367,4437,1
4894,2856,2
1345,3475,2
2329,3449,1
1367,3110,1
4773,4611,1
2703,554,1
1125,554,5
3757,2986,2
3356,2737,1
2771,912,2
2078,4426,1
3912,361,1
361,1235,1
2329,1914,1
1914,2750,1
3054,2703,1
2832,1221,1
1221,2832,1
1837,1765,1
1765,3091,1
2986,3458,4
2385,437,2
4620,4073,1
4073,912,1
912,1082,1
1765,1367,1
1367,3127,1
1631,612,1
3091,1125,1
4395,634,1
4483,978,1
978,1563,1
1563,909,1
671,3054,1
3414,3091,1
3127,1367,1
1367,3163,1
3919,912,6
407,2258,1
2757,3163,1
3526,912,1
2757,3127,2
2308,2358,5
2258,4257,2
4580,1631,1
2595,4611,3
2143,421,1
912,1345,1
1840,612,1
4257,4611,1
4611,912,2
286,421,1
2856,3458,1
2143,3091,3
2078,2949,1
3110,3919,3
3966,1200,3
2572,2949,1
634,1526,2
184,912,3
3449,899,5
899,3127,5
3526,4761,6
2572,1631,2
2832,4611,2
1840,2143,5
2539,4437,1
4437,4611,3
2143,3127,3
2308,1449,4
4257,1235,2
1139,3127,1
244,3449,8
3449,4426,5
2865,2929,1
4620,3757,1
4226,2929,1
978,4268,1
4268,3127,2
93,3127,3
2143,2750,1
2750,1449,2
2757,2929,1
2385,3526,1
4580,3091,1
4894,4580,1
151,3414,2
2750,4580,1
2750,2856,2
1912,3356,2
2991,904,3
407,4580,1
2143,2829,1
3458,2275,1
5001,1082,1
1125,4437,1
4437,3054,1
2832,1737,2
1737,554,1
4580,3526,1
3919,4580,1
3355,286,1
978,615,3
1125,4761,2
4738,4594,1
4611,3491,1
5022,3966,1
3966,1714,1
3966,4761,1
916,2275,1
2949,4911,1
2329,1235,3
361,286,3
286,4073,2
4073,2829,2
1403,3826,1
4677,2865,1
2865,2078,1
912,2786,2
3757,812,1
3919,1200,1
4677,220,2
220,4732,1
759,3127,2
1221,554,1
554,4761,4
3071,4677,2
4773,244,2
4904,2143,3
3449,1737,1
4677,1840,1
4338,916,1
4761,634,3
4338,2865,1
4761,2275,1
2539,4262,1
5001,2358,1
4262,2264,1
425,220,1
220,2991,1
286,2300,4
1837,1914,1
1139,2556,3
2556,2865,3
4395,4904,2
1235,4620,5
4231,3763,1
4073,4594,1
3692,437,1
3692,2829,5
2832,4594,3
4594,2703,2
2703,3692,2
3692,4395,1
912,4761,1
4395,4268,2
1235,194,1
194,1200,1
4611,1750,2
286,3957,2
4909,2276,1
3533,4437,1
2539,1345,1
3692,1345,2
3526,4738,3
4226,912,1
2949,2751,1
4620,4594,1
4620,1837,2
1837,2539,1
912,3957,5
3957,3491,1
2027,3491,2
3957,93,1
93,2856,5
4620,93,2
1221,3054,1
3449,244,4
273,184,2
4594,3449,2
3692,3526,1
4257,2786,1
4759,4964,2
4773,912,2
4580,3449,4
2308,4580,1
912,3049,1
1965,4231,1
244,101,1
101,4231,1
615,1403,1
1403,4456,1
1765,3439,1
3439,4005,1
227,4596,1
2751,2750,1
1747,3491,1
227,899,2
4437,101,1
2751,4005,2
4005,2308,3
5022,1627,4
4956,184,1
2143,2590,2
1840,479,1
479,1345,1
4437,1345,4
1345,899,3
2737,4620,4
1837,1849,1
2212,2751,1
4268,184,1
2143,554,1
2757,1082,1
1235,3121,2
4580,2829,3
2771,4620,1
1765,4909,1
4909,4005,1
4956,101,1
227,916,2
1235,899,1
899,2012,2
671,2771,1
2771,2143,1
3110,4456,5
2771,916,1
4241,3091,1
3091,634,1
93,3912,1
3912,1627,1
2771,1235,1
1747,3121,1
1627,3912,1
4580,3054,2
4620,4262,2
4620,2929,1
2737,421,1
4738,3718,1
3718,4073,1
407,4231,1
912,1714,1
1139,3054,2
4262,909,1
101,1367,1
2013,4483,4
2865,2264,1
3235,3475,1
4257,4483,1
4620,2737,1
4231,1078,1
1078,3449,2
4858,4456,1
244,2556,5
2865,2786,1
2829,4849,1
4849,2832,1
2832,3127,2
1631,4580,2
4580,615,2
4205,1631,3
1631,1139,1
1139,615,2
4620,1235,2
3957,437,1
2556,421,1
4620,1714,5
1714,1631,4
1631,244,5
2865,615,1
2732,2385,1
2385,5022,1
407,615,2
615,2556,2
3779,4231,1
2358,2750,1
2750,3755,1
2595,3779,1
4909,5022,1
2378,1965,1
1965,3449,3
4241,2986,2
759,244,1
812,4231,1
3966,3054,2
1563,2203,1
4909,2986,1
2829,291,1
3110,2703,1
3475,4395,2
1631,3763,1
4241,2329,1
3110,1125,1
4231,101,1
101,4456,1
1837,634,1
3091,2308,1
4620,1849,1
4395,2203,4
244,4241,1
1714,3515,1
244,407,1
3449,4231,1
4849,1345,1
4849,2027,1
671,4437,3
4437,2184,1
2184,4456,1
1082,3,1
4909,1125,1
4909,612,1
612,3649,3
3755,4620,1
2786,3779,2
3235,2327,1
1840,3755,7
3755,916,6
634,1985,3
3449,1200,1
3439,3071,1
3071,2358,1
2442,4677,1
2442,244,1
244,4437,1
3757,916,1
2786,2427,1
2258,916,2
4894,3054,2
3054,1235,1
2703,3190,5
2703,3091,2
244,3163,1
2865,407,1
1631,2556,2
2556,2929,1
93,4205,1
1747,2143,2
1082,4231,1
2358,2865,1
2865,4483,2
4483,2856,2
2203,3692,1
4580,3321,1
2264,2013,3
479,3692,1
2703,3957,1
479,2276,1
912,3692,1
93,1208,1
2258,1840,1
2732,2750,1
899,4395,1
3127,3526,1
2757,1631,1
2556,2786,2
4594,2856,2
2258,3692,4
3692,2703,3
2556,2264,1
4894,1849,1
4580,2013,1
2258,753,1
3054,3163,1
3692,2427,1
2427,93,1
93,1765,1
2991,4964,1
1837,2991,1
1200,2184,1
4226,4437,1
1235,1200,3
4257,2275,2
2258,2590,4
2737,93,1
151,4611,2
1563,2276,1
3,2173,1
2264,2327,2
4073,4483,2
4073,4773,2
4611,4911,2
4911,3,1
3,437,1
3449,728,4
93,2750,2
1849,4920,4
4456,4205,1
671,2856,3
2771,2703,1
1221,437,2
2991,1403,1
3449,3035,1
4677,1403,1
4073,3526,2
2751,1235,1
3235,3966,2
3966,899,1
3049,184,1
4268,2991,2
3526,3414,1
2703,1200,6
2276,407,1
2865,244,1
2991,2786,1
184,3692,1
3054,4956,1
2832,899,1
671,2865,1
3458,3054,1
1139,2264,1
3692,4611,3
2539,184,1
1367,3356,1
2378,4073,1
2258,93,2
2308,3,6
2358,1912,1
612,4773,5
2327,4956,2
5022,151,1
4395,2027,4
554,899,1
4483,194,1
194,4596,1
1912,286,1
286,4956,1
1226,2276,1
2276,4262,1
286,2327,1
4073,2991,2
2264,1840,5
2757,4395,1
3356,916,3
2276,1235,2
4257,3356,2
4456,93,1
4483,2327,3
2786,4395,1
2264,3526,2
286,3127,1
244,2986,1
2595,2703,1
2737,2590,1
2751,3751,1
3458,2184,1
407,3127,3
3127,2737,2
3692,244,2
615,4849,1
4620,3356,3
2027,4620,1
3515,4594,1
4594,2786,1
2991,1125,1
3692,2556,1
615,4594,1
1676,4395,1
3826,3957,1
2751,3692,1
912,4231,1
4620,3692,1
4594,2929,1
2829,3355,2
101,3957,4
3110,1750,3
1837,3110,1
634,4005,2
425,615,1
1914,4904,1
2865,904,1
2832,5022,1
3757,3718,1
4611,2865,3
2703,2865,3
3439,1849,1
1765,1125,2
4611,3449,7
1200,2865,1
2865,4262,1
4262,4611,2
3649,3692,3
3966,2276,1
1765,291,2
3127,273,1
273,2865,2
4596,3127,1
2258,1139,1
1139,2829,1
1367,4226,1
2556,2013,1
1226,990,1
4580,2781,1
4395,2556,1
2991,909,1
2539,4456,1
4205,3054,1
2385,4732,1
1221,3449,1
2991,2539,1
2539,4268,1
4437,2203,1
4338,3054,1
3054,4759,1
759,3751,1
2829,4920,2
2595,2258,1
4738,93,1
93,1914,2
1914,3071,6
1631,1200,3
1837,2556,1
2556,1985,1
4005,3414,1
4620,1840,1
899,1200,1
554,2703,1
4005,2829,5
3757,2832,1
2427,3957,1
5001,244,1
1235,2556,2
4620,1631,2
2865,4268,1
3175,1235,1
4426,244,1
2308,244,1
244,3049,1
916,3071,1
3071,2786,1
2027,899,1
2832,4426,7
2308,3826,1
3826,1345,1
291,1965,1
899,1965,1
899,4738,1
4738,2732,2
2308,2427,4
2427,4620,1
1837,3515,1
1840,2556,3
1837,4911,1
3515,3356,1
2757,1235,1
227,4677,1
4677,4073,1
4611,244,3
244,2829,1
2703,244,1
3091,4594,1
3127,3692,1
93,2751,1
2556,4241,4
4920,4226,1
1345,194,1
2832,220,2
2781,4920,1
4920,916,1
2703,2173,3
2173,1912,1
1912,2986,2
4073,916,2
671,3121,2
2757,1965,2
1965,3054,1
916,4964,1
2013,2078,1
1221,2078,2
244,1082,1
2771,2991,1
3,407,1
273,759,1
615,2258,4
2865,4226,1
4226,671,2
615,3175,1
4677,916,3
2013,1139,1
2078,1082,1
3826,2173,1
4620,2786,2
4738,2832,1
2078,2703,1
671,1139,1
2595,2986,1
2078,421,2
3458,1139,1
1403,615,3
2703,1631,1
3110,2078,1
244,916,1
615,2865,1
479,2300,2
2078,4395,1
2865,3163,1
1221,2865,1
1631,2078,1
2078,2556,1
2781,2865,1
3054,2539,1
1914,2865,3
4956,2173,2
194,3321,1
916,4456,2
3757,2750,2
4262,2703,2
2572,2703,5
899,2832,1
425,3049,2
3049,2556,2
2556,4456,1
3121,4231,1
2556,3190,1
3190,990,1
4226,3966,1
1631,3356,9
3054,4257,1
3491,2737,1
2737,2264,1
3515,291,3
1139,1235,2
2556,3491,2
2078,4611,1
3356,437,4
5022,2786,4
1965,2786,1
4580,2865,1
2865,3755,1
1139,3755,1
3755,2078,1
2556,3755,1
244,3755,1
3755,2786,1
2786,2737,1
4580,1914,1
3919,1750,1
1235,479,2
2865,2425,4
3,812,1
812,3035,1
2751,4226,1
3163,1403,1
437,2212,2
4456,2066,10
2066,4738,1
1221,2203,1
1747,1345,3
3163,2732,2
3692,4437,1
3235,361,1
4894,437,1
3957,2703,1
3235,3692,1
909,1837,2
909,93,1
3692,2786,1
2786,3957,1
3526,3692,1
1837,1139,1
1139,3235,1
4165,220,1
3700,3355,2
904,728,1
4858,2832,5
1765,2781,1
2781,4426,1
2143,3439,5
4596,1367,1
4596,4594,2
2829,728,14
4338,3,5
2865,4596,2
4596,2066,1
2066,2143,1
753,990,1
3491,728,3
220,3449,5
4732,635,2
194,5022,1
5022,4594,1
4594,1985,1
1737,1235,5
4956,4732,1
912,634,2
2584,4849,1
93,184,2
1082,3127,3
3127,4858,1
3449,4858,2
4858,3127,1
3559,1345,1
1381,1840,1
812,1526,1
2327,3700,1
2264,612,1
3049,3757,3
1747,728,1
4395,3175,3
1837,93,1
4395,4005,2
93,1965,2
2865,1078,2
1737,3526,3
2258,1627,3
1737,93,1
93,728,2
2829,2856,2
1995,904,2
4395,2771,1
2771,2358,2
4005,2703,2
3515,1526,1
2143,1965,1
1235,220,1
479,4426,1
2595,728,1
2757,3439,1
3491,4268,1
4268,273,1
273,220,1
220,4596,1
671,728,1
1737,5022,5
812,3,1
1737,3751,1
812,1737,1
4437,3919,1
3526,3,1
3139,4395,1
3139,2004,2
2004,2949,1
1200,3,1
3091,3139,1
3,2829,1
2358,4849,1
2856,2618,2
3110,4677,1
2212,4909,1
4909,2173,2
4268,3526,5
2751,4732,1
2829,3110,1
4596,3439,1
3449,4894,2
3919,3414,1
2737,4677,1
4677,2832,1
2143,4849,3
4611,3139,3
3139,479,1
1403,3414,2
2264,4732,1
1125,3826,1
3526,4849,3
4849,2856,1
4677,4611,4
2264,421,1
421,3458,1
3458,2203,3
4904,1747,1
2385,2751,1
2264,916,1
1965,4241,3
4241,479,1
4257,3175,1
3175,4073,1
4073,2751,2
3515,1849,1
753,2143,3
2385,227,1
227,3526,1
916,899,7
4262,101,2
101,4732,1
4732,227,1
1627,3919,1
2751,4437,1
899,671,1
2027,3912,1
3,3826,1
1627,2929,1
4964,1235,1
4268,4395,2
2258,361,1
1403,2829,1
2539,1125,1
2308,2539,1
1367,3091,1
1837,4956,1
4738,4073,1
1403,2203,1
2203,2929,2
612,3414,2
2358,4073,2
407,1367,1
2212,1345,2
5022,4231,1
753,3127,2
2737,2781,1
1221,3475,1
151,437,1
5022,4426,1
4338,4620,1
4738,812,1
3,1449,1
3526,728,3
4338,1235,2
2308,3190,1
4611,728,10
1914,4268,1
3491,3414,1
554,2829,1
4909,2865,3
5001,671,2
4426,3,3
4611,3356,2
4338,3751,1
3458,3491,1
728,3449,1
286,909,2
1082,2203,3
1345,4738,1
4738,753,1
1226,4338,1
4338,2358,1
291,4911,2
3139,4858,5
4426,2865,6
1226,3175,2
2732,916,1
3526,909,2
4338,2929,2
1985,1747,1
1747,4395,1
3919,4677,2
286,4594,1
1226,1965,1
3,4596,1
361,2378,3
4773,4426,1
2258,3,3
1226,3054,1
3054,4268,4
4241,3163,9
1125,3,1
361,2358,1
1226,93,1
3966,2184,1
916,2143,2
3,1631,2
615,634,1
4964,4620,1
3127,1676,1
1676,407,1
2703,3,2
615,3139,1
3,3091,1
2991,3139,2
3,3127,1
634,3121,1
1563,3526,1
3439,2329,2
3439,194,2
437,3966,2
2832,2004,1
184,4738,1
1631,3054,1
3054,2143,1
4759,184,1
184,1737,3
1737,4611,5
4956,1837,1
3966,1737,1
1737,3054,1
1837,4620,1
3449,3,1
3449,1082,3
812,2300,4
3139,2751,1
753,728,1
3751,286,1
3475,990,1
990,386,1
286,2258,2
1819,990,1
1631,2781,2
2704,2829,2
1837,2427,1
2427,1345,1
2427,3127,1
1627,812,1
2572,2264,1
3526,4372,1
4437,291,4
2275,2829,1
3439,2264,2
2929,2757,1
1221,1226,1
1082,2012,2
3,3751,1
2703,4596,4
2329,2786,2
2786,3,1
2703,3826,1
3127,3,1
4594,3414,1
2143,1235,1
2929,3139,2
3,4437,1
3049,812,1
4904,1737,3
1737,1082,1
3515,2264,1
2264,184,1
2425,2865,1
671,4732,2
4858,4611,2
4073,2264,1
2264,3763,2
4257,2732,1
3091,3692,1
1403,1714,1
1714,2173,1
4257,1631,1
4257,2703,1
1345,1714,1
1714,3127,1
4773,612,1
612,3091,1
3,1082,2
2751,1345,1
194,615,2
1345,4620,2
4904,2004,1
2703,3449,3
2425,4241,2
2751,990,1
4596,1849,1
1125,2264,1
3755,1226,7
2929,4732,1
5022,2143,3
1226,2013,3
2013,3755,1
4858,1235,3
3439,4268,1
1226,5022,3
2143,5001,1
5001,2378,1
1226,194,2
4231,1840,1
1840,2184,1
2751,1840,1
4231,3439,2
2378,3110,2
2308,4894,1
4894,4338,1
2751,5022,1
2732,3779,1
479,3035,1
4257,1226,2
2751,3755,1
2732,2264,5
1965,2425,2
5022,479,1
3054,2012,1
2832,1819,5
1125,635,1
635,291,1
3139,2786,2
2832,1747,1
2425,421,1
4611,2539,2
2539,407,1
4849,2751,1
3110,3110,1
3751,2856,1
407,2184,4
4611,978,1
3649,2308,2
2781,4761,1
4738,1912,2
1912,2203,1
4773,4005,1
4005,4964,1
194,4732,1
421,4738,2
4738,3054,4
407,273,2
1226,4005,2
4005,184,1
184,273,1
2786,4732,1
4268,753,1
753,4073,1
2203,2203,3
4338,1965,4
4005,2991,1
1226,1235,2
2732,4732,1
4268,2308,1
2212,4268,1
3755,904,1
3751,2203,1
4437,1235,1
2832,2066,1
2066,4073,1
4005,2590,2
2703,4904,1
3121,2584,1
2584,3751,1
3121,5001,1
2258,220,1
1995,4773,2
634,220,2
220,101,1
2618,1125,1
2986,220,1
220,1627,1
2929,1912,1
4257,615,1
194,2703,2
220,1837,1
990,3054,1
1082,220,1
220,4268,1
2929,437,1
2556,671,1
286,2590,1
4456,2027,1
2757,2027,1
3559,1226,1
1765,2329,1
3559,1627,1
291,2143,1
2618,2590,1
3054,4849,2
2442,759,2
2618,3163,1
2618,4911,1
437,899,1
2618,2264,2
2264,990,1
635,1627,1
2308,2832,1
4611,634,1
244,671,1
759,3235,1
421,184,1
615,3301,1
2584,1345,2
671,2143,3
4268,2786,1
4268,3235,1
3515,3190,2
3071,227,3
227,2618,1
1747,2590,2
2358,615,7
3763,909,1
3649,635,1
5022,2949,1
1345,4268,1
4268,1631,1
1631,615,1
2264,2066,1
1235,291,4
2078,3235,2
1819,2378,1
4773,3491,1
635,4268,1
4262,4732,1
2618,2276,1
1345,425,2
425,3919,1
5022,2856,1
2757,4849,1
220,3054,1
3491,4395,1
2012,2865,1
1965,1840,1
1200,3190,1
3190,2991,2
2143,4732,1
4773,2572,4
2212,3966,1
1200,4268,1
4761,3966,2
615,4904,3
4904,2013,1
2212,909,1
2258,3491,2
3449,2572,2
3526,2618,1
3121,3491,1
1082,1965,2
615,3121,1
2618,4904,1
635,2556,2
2556,1226,3
4596,1714,1
1714,4732,1
4732,671,1
1125,2327,1
4268,4738,1
4596,2703,1
227,4395,2
4761,3449,6
2590,437,2
2308,2442,1
2329,1082,1
671,1082,5
634,4268,3
4257,4395,2
2986,2572,3
671,1837,1
227,3491,1
909,759,1
759,3110,2
635,2013,1
812,916,1
194,1235,1
909,4738,1
2929,3449,1
909,3190,1
4909,916,6
916,4268,1
554,812,1
2013,1849,1
3110,2572,1
2572,1965,1
916,3356,1
3757,3110,1
3190,1965,1
916,1914,1
615,184,2
3751,1526,1
1526,2013,1
184,2751,2
1367,615,1
4849,4073,1
4073,2737,1
2737,4594,1
4594,151,2
2358,612,1
612,4911,1
4849,184,1
2786,4677,2
4677,2264,1
3054,2378,1
2590,4732,1
4073,1747,1
1995,3049,1
1995,4761,1
4073,2143,1
4268,101,1
2378,2786,2
2584,1837,2
3515,2829,2
1995,2590,4
1912,3526,1
3110,2013,2
1837,2173,3
2173,2856,3
909,3110,1
3110,2786,4
2829,3526,1
3458,2358,1
2929,286,2
1995,1226,1
2027,1345,2
1125,3919,1
2004,634,1
1221,2750,3
2004,3966,3
3526,3049,3
3049,2856,1
1714,1840,3
1965,101,1
4964,3526,1
4849,1125,1
1737,3356,2
2004,2929,2
2865,671,1
2556,3110,2
1125,2786,2
4257,1082,2
1082,1995,1
1995,93,2
421,4611,1
671,2258,1
812,3957,2
759,3526,2
3491,3139,1
4338,3110,1
4611,194,1
899,4759,2
4759,3751,2
3751,3127,2
759,3966,3
1235,4338,1
1995,899,1
286,2991,1
634,4759,1
3751,4738,1
1837,904,3
4759,812,1
2308,4426,1
2865,2308,1
2856,1367,1
3139,1849,1
4759,634,1
4205,3235,5
1235,1985,1
1840,4073,2
4437,2856,1
184,4759,4
286,4611,1
2143,4594,2
634,2539,3
2539,4759,1
1235,2258,4
291,286,1
2258,4226,1
3356,4594,2
4611,1367,1
3139,1995,1
2732,1837,2
101,4426,1
1627,4594,4
909,4268,1
3449,1837,1
2929,101,4
3491,4956,1
1367,1345,1
3139,2258,1
1995,2832,2
2751,2929,2
3,753,1
425,2704,1
2781,3356,2
4594,3826,1
3526,759,1
4005,273,1
4268,3826,1
2203,2308,1
2143,3826,1
904,93,1
3439,1912,1
1912,3175,1
3175,3755,1
4262,3755,1
1627,1449,1
1226,1849,2
1125,361,2
3439,4372,1
1226,2385,2
2027,3414,1
3526,2203,1
615,3475,1
4858,2358,2
2358,286,2
912,3190,4
1676,2750,5
3491,4611,4
4231,291,1
2308,361,2
3526,4231,1
4611,4268,4
2832,2539,1
1965,615,5
2757,5022,1
759,1965,1
2856,4732,2
1912,1837,1
4611,407,3
1125,2556,1
3526,1676,7
4596,3121,1
4005,3439,1
2595,2856,3
2856,4677,3
2929,1208,1
1208,1676,4
1676,2173,2
2012,2732,1
3127,3491,1
1676,1226,1
1631,1403,1
1403,4262,1
3919,4611,3
615,2539,1
2539,1676,2
1676,479,1
2425,3049,1
3757,615,1
291,2425,1
3439,1676,1
1345,1676,1
4956,2425,1
2425,4395,2
1676,2781,1
386,93,1
1563,1526,1
1125,3649,1
3649,4483,1
4483,2329,1
1747,4456,1
3175,273,1
3449,4964,1
1747,2856,1
2986,1526,1
4483,291,2
2212,437,2
1676,3163,1
1627,3071,1
3071,2829,1
4759,2703,1
2212,1082,2
5022,5001,1
812,2781,1
3235,2027,1
286,3755,3
916,3449,1
3449,554,2
1125,4596,2
4596,2856,1
1235,634,2
4761,1235,1
2865,4761,1
5022,3779,1
4205,554,1
3515,2856,1
2832,2949,1
909,2212,1
3692,2358,1
2212,2991,1
291,3491,1
2781,286,1
2300,3235,1
1200,227,1
2757,4437,1
4437,3755,1
4909,3966,1
909,4677,1
1837,3779,1
3779,4904,1
1765,1676,2
3515,1125,2
4257,2986,3
3110,1912,1
4956,3110,1
671,3559,2
1819,2750,1
425,3190,2
2427,4956,1
4395,1082,2
4005,1837,1
4773,3559,1
1381,1676,1
1676,2358,1
1676,4911,1
990,3649,1
2385,4073,1
1125,1403,2
2013,194,1
2013,978,1
2704,1082,2
4241,2704,1
3559,2275,1
194,634,3
3966,3755,1
3755,1750,1
2013,2258,2
2427,3049,1
1995,4241,10
1235,1676,2
2004,1235,2
2832,978,1
978,2703,2
4849,291,1
2078,4596,1
4596,3163,1
3163,2275,1
2308,3957,2
4456,2595,1
2308,4596,1
1995,2986,1
1226,634,1
3449,978,1
978,1235,3
4456,4611,2
1381,2829,2
3439,4456,1
1563,4611,1
2986,386,1
2986,978,1
2308,227,1
227,1226,1
437,1235,3
361,184,1
3526,2212,1
1840,2027,3
2986,2427,2
2737,2832,1
1226,4456,1
671,2184,1
5001,2184,1
2258,3700,1
4596,2212,1
2212,1226,1
2212,3439,1
2212,4596,1
2865,2013,1
1563,2986,5
3757,2027,2
291,978,1
3649,4073,1
4738,2308,2
2212,4241,1
634,2832,2
5022,2264,1
2865,916,1
2212,3190,1
2595,1381,1
386,3966,2
1627,4456,1
1627,2865,1
812,386,2
386,3751,1
2327,3190,1
386,978,1
2264,1985,1
1985,2703,1
634,3190,1
3190,2829,1
386,2991,1
2442,978,1
978,4073,1
2986,2425,1
1840,1765,1
2258,978,1
4241,4738,2
273,4257,2
286,273,1
4268,2013,1
3526,2173,1
3763,4738,6
3649,2013,1
1765,4231,1
286,3700,1
1208,615,1
3475,3449,2
1367,978,1
3439,671,1
1995,3356,4
3755,3163,1
291,2004,1
1676,2329,1
4759,2856,1
4677,2590,2
4165,3163,2
1965,4611,1
4761,2385,1
1676,1995,1
2703,2427,1
634,4262,2
4262,2786,1
3110,4262,1
4262,990,1
3071,2212,1
3049,101,1
227,3718,1
2832,2275,1
2212,1235,1
4677,1627,1
1627,3190,1
2258,2203,1
386,1914,2
4005,3356,1
3526,4611,1
4231,1082,1
912,904,3
3515,4596,1
2704,2358,5
2358,3458,1
3458,2832,1
1765,93,1
4732,2751,1
634,3491,1
4483,2066,1
4759,273,1
2308,1208,2
3755,4738,1
291,3779,1
3356,4456,1
4456,2786,1
2327,2556,1
615,912,1
4761,437,1
407,912,1
3091,1235,1
1221,184,1
184,1367,1
3755,3475,5
3475,4073,1
2786,2258,1
2750,3449,1
3526,2737,1
3755,1837,1
1837,1526,2
2027,3755,1
3475,4437,1
3649,2212,1
978,3321,1
2308,2385,1
151,1226,1
1235,4005,1
2212,2264,1
2832,151,4
2829,812,1
93,227,2
1819,812,1
812,2425,3
437,635,1
2986,2358,1
2358,759,1
3458,2750,1
3966,407,1
407,3449,2
3449,2949,1
2949,812,1
4205,3439,1
2212,4911,1
3054,2066,1
2066,1765,1
615,1849,1
291,1631,2
386,4073,2
2704,5022,3
2829,1226,1
4205,1849,1
4395,3919,2
4773,4268,4
4395,2949,2
3533,4761,1
1200,2732,1
1631,4268,1
2750,1200,2
1200,2385,1
2750,5022,4
5022,4268,1
4073,1082,2
5022,635,1
3110,3491,1
2595,479,1
1737,2991,1
2427,1208,1
1208,4611,2
4773,3458,1
421,3718,1
1345,3718,1
1819,3526,1
4732,4073,1
4732,1819,1
1819,1837,1
3966,1345,1
3449,3966,2
1819,3449,1
612,1235,1
4858,1082,1
2751,904,1
4268,407,2
3491,1345,1
1995,3919,1
1819,1082,1
899,273,1
916,3919,2
4761,2276,1
93,899,1
899,2258,2
2427,437,1
4005,2013,1
2786,3757,1
1819,3763,1
3763,2832,1
916,3091,1
2750,273,1
1082,5022,1
2308,1765,1
3091,3190,1
1819,2703,1
899,3966,1
273,1819,1
2865,912,1
3127,1819,1
1819,1631,1
912,899,2
912,2203,1
2308,2704,3
2832,1676,2
1676,4205,1
2757,1125,2
5022,2704,1
4437,4677,1
4677,101,1
1221,3458,1
4611,4257,2
2832,4338,4
4909,1226,2
1226,2929,2
407,2737,1
4005,4677,1
1235,671,1
671,2358,3
1125,1714,1
3515,1235,1
2829,2704,3
407,184,1
184,4677,1
4677,2275,1
184,4205,2
3175,3966,1
990,2704,1
2556,407,1
1965,2556,3
1226,1208,1
1208,2704,3
244,990,1
990,4611,2
671,2737,1
2737,2704,1
2704,4338,1
2595,4738,1
3449,3649,2
2786,1526,2
3458,2013,1
3649,2004,1
4761,2704,3
2066,3449,4
2986,2704,1
2539,1235,1
3515,2066,1
4257,4262,1
4677,2704,2
2275,4732,1
3515,4437,2
3091,2704,1
2704,2308,1
4677,407,1
2856,2427,2
2427,4732,1
2275,2856,1
2856,2004,1
2704,2750,2
2595,909,1
4759,671,1
3919,4073,1
912,2704,3
2704,4395,3
3054,2704,1
3718,1125,1
1125,407,2
407,4677,1
5022,4904,1
2856,4005,1
2757,3091,1
1381,1226,1
1226,3091,1
2781,3526,1
3127,1381,1
1914,4858,1
4858,93,1
2750,1381,1
2276,2066,1
4257,3091,1
3091,2358,1
4268,3718,1
753,386,1
634,386,1
4268,3049,1
2829,2572,6
3139,3755,1
671,93,1
151,2832,1
1747,3414,1
2184,4773,2
2732,2184,1
2385,3755,3
1819,916,1
1819,1627,1
291,2929,1
4596,1226,1
671,3049,1
5022,2012,1
5001,2264,1
2012,3071,1
1221,990,1
421,3919,1
671,4205,1
194,3919,1
4738,3755,1
93,3779,4
1837,361,1
361,2013,2
2013,4611,1
4909,2703,1
1765,4596,1
3751,1125,2
2590,2704,1
3110,2750,2
1403,899,1
899,3414,1
2066,3127,1
3779,1819,2
273,4456,1
2358,2704,3
4268,2066,2
1819,4073,1
2264,2986,2
978,3054,1
2013,2929,2
3175,4738,1
3054,3919,1
3458,1381,1
3919,2358,1
3515,2275,2
554,4594,1
5022,101,1
1819,3919,1
1381,2704,2
2832,2704,1
3919,2856,1
4268,2203,1
2539,2173,1
3049,2986,3
904,3449,1
1381,916,3
3235,3049,1
3049,3559,1
1765,4456,1
421,194,1
612,2771,1
1235,2704,1
4437,3912,1
1627,3966,2
2704,4904,2
4761,3049,1
3049,2757,1
1965,273,1
635,4372,1
554,3049,1
3049,437,1
437,2856,7
2427,291,1
3718,286,1
286,4964,1
194,2143,1
3449,4372,3
4372,2757,1
1995,2929,1
4761,3127,1
4964,3449,1
753,2750,1
2572,1226,2
1627,220,2
2012,4964,1
4964,1082,1
2385,3559,1
220,612,1
1747,1235,1
615,1526,1
2027,1563,1
2572,1345,1
1819,1125,3
2329,3163,1
3163,3049,1
2143,3718,1
2829,2732,1
2329,3049,2
3559,3919,1
4372,3121,1
3121,1765,2
1631,1765,4
3355,5022,2
4904,635,1
635,2750,1
4904,1082,1
2539,93,1
1125,3127,3
3,3355,1
4165,2704,1
4611,1747,1
1747,3526,1
2703,2539,1
2539,3,1
3139,3091,1
4073,3957,2
3,1125,1
3355,2358,1
4677,615,2
4677,291,2
990,3035,1
4677,1235,2
4858,2786,1
4611,2425,1
2750,759,1
93,3757,1
286,3035,1
4677,4620,2
5022,4338,2
4338,2378,1
3121,4338,1
4338,1837,2
2556,1345,1
4620,1914,1
759,4677,1
4611,3301,1
3755,425,1
4205,2781,1
1965,4483,1
2584,2829,1
2066,1125,1
3,1226,1
286,4596,1
759,2929,3
2986,1714,1
1714,2703,3
4858,1226,3
1226,615,1
2378,812,4
220,4858,1
4005,437,1
194,753,1
1367,1125,1
1627,916,2
1125,3751,1
759,437,1
3458,2427,3
2427,2308,1
2425,3356,2
2781,2829,1
4677,3439,1
4858,2781,1
1125,3912,1
3966,1840,1
4005,4073,1
4073,2004,2
2004,3356,3
2013,4241,2
2258,4241,1
3491,3110,1
3919,220,1
4858,1125,1
634,3649,2
437,759,1
1563,753,1
2829,2590,1
4456,2832,1
2590,615,2
2595,812,2
5022,4611,1
4849,2013,1
4732,2004,1
4241,753,1
753,4759,1
3966,291,1
291,3035,1
759,1082,1
554,753,1
635,4858,1
4858,3755,1
2732,2856,2
4849,3826,1
1631,1837,1
4226,2308,1
4677,2173,1
3356,2704,1
3919,3458,1
3458,3127,1
3826,3356,3
634,3919,3
291,1714,1
1676,3559,1
4596,4611,1
4456,3491,2
2358,1200,3
2258,3127,2
2737,2427,1
220,1737,1
5001,4911,1
3121,4849,1
4437,1125,1
3458,2856,1
2427,4759,1
2427,2300,1
634,3049,1
4773,759,1
812,4759,1
4759,916,1
3449,4241,1
990,2590,2
2143,2258,1
4894,3491,1
1849,1737,1
2427,4073,1
1985,4205,1
5022,4849,1
286,3091,1
3163,4268,1
4956,1840,1
2856,1737,2
1737,1125,1
615,4761,1
1737,4073,1
4226,4073,1
2986,759,1
759,612,1
612,2751,2
2203,1125,1
3235,1714,1
3163,3091,2
3091,2427,1
4773,1819,1
1125,4849,1
759,2329,2
4426,4073,1
554,978,1
291,151,2
1737,1837,3
361,671,1
1125,2385,2
1125,2732,2
1226,2378,1
4677,4372,1
4372,2385,1
2556,635,1
1078,4738,1
5022,990,1
5001,2013,1
2013,421,2
4620,2703,1
3355,3449,1
3054,2329,2
5001,916,1
2143,4620,2
1714,916,2
634,1840,1
4437,1840,2
194,899,1
635,1235,1
286,4241,2
812,2004,1
4904,2212,1
4904,3449,1
3439,2385,1
904,227,1
1381,909,1
4596,479,2
479,1737,2
3235,194,1
3763,2013,3
3054,2308,2
2308,194,1
3414,4611,1
4257,1965,1
2143,1750,1
1750,2425,1
2308,2276,1
2427,2829,1
4205,1381,1
1381,4262,1
3054,3449,2
1381,3321,2
1995,1840,1
1965,184,2
4338,4437,1
812,1381,1
4268,2358,1
3533,3449,1
759,753,1
2442,1235,1
4437,2986,1
4759,2358,1
2832,4738,1
4677,2203,1
4338,2556,1
3919,1235,1
4759,1750,1
4956,1381,1
3919,4395,1
2750,3957,1
291,2704,1
4858,4241,1
3559,899,1
1750,2750,1
1714,759,1
759,2986,1
2590,194,1
4257,4437,1
3559,4761,1
2832,1995,1
1965,3458,1
4268,916,1
634,1125,2
101,4677,1
220,1125,1
3071,1995,1
3110,273,2
3559,4677,1
1221,4241,1
2929,2856,2
3491,904,1
3559,916,1
916,291,1
634,4849,1
4620,671,1
3355,2308,2
3139,3559,1
2556,4911,1
1737,1139,1
1125,3049,1
4858,615,1
3559,3755,1
3,2329,1
3355,728,1
4338,2184,1
2832,728,4
2703,728,1
151,5022,3
3491,3779,1
671,3127,1
4773,3779,1
184,3491,1
3966,2539,1
615,3526,3
2358,728,1
912,4241,3
728,4395,1
2595,3054,1
3054,1714,1
1714,2539,1
2539,2425,1
2771,4241,1
2264,4241,1
4241,4904,1
2865,3035,1
1819,4338,1
4338,3966,2
2212,2143,1
291,407,3
3966,4456,1
2203,2703,1
2757,916,1
916,2703,1
2703,634,1
3779,2865,1
361,4262,1
2703,4338,1
612,2427,4
2078,4483,1
990,1985,2
1985,4611,3
3515,3414,3
101,4956,1
4956,2264,1
3414,2203,4
2203,1965,1
3755,1403,1
1985,5022,1
1235,3779,2
2078,4241,2
2308,671,1
3458,2986,2
912,1235,2
3414,2539,1
2539,4956,1
4909,2264,1
4231,3356,2
3,909,1
2781,3235,1
2264,909,1
3121,1714,2
3966,4338,1
3515,227,1
899,479,1
904,1849,2
4594,1714,1
1714,1235,1
812,1714,3
1714,1837,1
4773,2556,2
2556,2556,1
437,2703,1
5022,184,1
4773,2425,1
4611,2276,1
2276,2425,1
1627,3458,1
2703,4964,2
1221,2308,1
291,3458,1
3439,3458,1
3458,3526,1
634,3458,1
3458,407,2
2442,2584,1
2584,4241,1
1995,4611,2
286,2078,1
437,4483,1
1235,3035,1
2329,1449,1
1449,2929,1
4773,728,1
2750,4241,2
4226,2703,1
151,4437,1
2991,2275,1
4956,3966,1
3763,220,1
1747,2986,1
286,916,1
2986,4338,1
4338,728,1
728,1226,1
4437,3449,1
3458,3755,2
2329,2427,1
2013,612,1
1840,2327,1
2327,2078,1
1221,1200,2
634,5022,1
4611,3526,1
2703,4911,1
4338,3356,1
3826,4849,1
3163,2258,1
4257,728,1
2832,4904,1
1676,1125,1
3966,728,2
4426,2704,1
2750,3919,1
2276,2703,1
1747,184,1
2590,4372,1
4372,184,1
4338,909,1
909,728,1
4338,3491,1
4338,753,1
4338,3049,1
2584,916,1
93,4594,2
4594,3110,1
437,2329,2
1235,2078,1
101,615,1
2203,3526,1
4964,1125,1
3526,3071,1
291,2856,1
437,1750,1
554,3163,2
4611,1235,1
2737,812,1
1563,3414,1
291,671,2
2865,4073,1
3,2590,1
4395,4426,1
4426,2358,1
4426,1139,1
4426,2078,2
2832,4395,1
4773,2771,1
244,4773,1
4426,4611,1
4773,2078,1
4580,4911,1
1449,4738,1
2004,291,1
2027,3957,1
1345,3458,2
2258,2732,1
3449,2991,3
612,1082,1
3526,2539,1
4620,2832,2
2358,2203,1
2865,1403,1
1737,916,1
2750,4911,2
2258,728,1
2584,1125,2
3763,2258,1
1627,4165,1
2584,93,1
4773,4738,1
4773,3826,1
1125,4456,2
4759,2539,1
3110,4005,1
1837,220,2
2203,3966,1
291,728,1
3449,4268,1
3458,2004,1
2539,728,1
4456,1200,2
5022,1631,1
3235,2986,1
812,3559,2
3559,4456,1
2829,437,1
2572,4611,4
3491,2425,1
2856,1765,1
1765,361,1
2572,2173,1
904,2556,1
2949,2425,1
2572,2556,1
4594,4738,1
3127,4732,1
2358,1125,2
3449,612,1
612,3526,1
2143,2556,1
4205,2856,1
2832,3439,1
4732,2572,8
3054,2572,1
2572,3966,3
1737,2750,1
3439,4738,1
5022,2203,1
4257,3235,2
184,2703,1
4773,2929,1
4257,2425,1
2173,3235,2
4611,2572,1
2572,3912,1
3966,2832,1
2556,912,1
4226,2143,4
3559,4620,2
4205,194,2
2750,2572,1
2572,2143,1
2308,753,1
3700,2329,2
4073,3559,1
407,1381,1
2572,2258,1
1526,3235,1
615,2013,1
2986,3190,1
615,4241,1
2425,2027,1
2732,4073,1
3235,2329,1
3355,2949,1
2203,3491,1
1367,437,1
437,3491,1
3091,1449,1
2358,2013,2
3439,5022,1
93,3526,2
3439,2258,1
93,634,1
2143,273,1
634,4594,3
634,3035,1
4257,2572,1
2829,3190,3
2308,2572,1
3649,1235,1
3757,3190,1
3190,2308,1
2832,2929,2
812,2572,2
4226,2203,1
2750,2556,2
3163,4594,1
3127,2572,3
2258,1631,1
1631,3439,1
1526,3110,1
2425,3491,1
184,759,2
2572,437,2
3966,3458,1
3458,1526,1
812,421,1
615,3966,1
2618,2991,2
2572,3321,1
4257,4268,1
3826,4611,1
3235,4594,1
4268,1345,2
4904,93,1
2027,2703,1
2703,671,1
4205,2276,1
2786,1840,1
2781,4241,1
4241,2327,1
899,2572,1
2572,615,1
4205,3559,1
615,2949,1
2949,916,1
2829,2203,1
3718,990,1
421,1449,1
4761,671,1
2308,2781,1
2329,3559,1
2991,2013,1
194,151,2
151,184,1
184,3449,1
2590,3356,4
2832,2358,1
3559,4073,1
1765,1631,1
1631,3559,1
3559,4437,1
4437,2013,1
3127,1235,1
3091,1837,1
1837,671,1
1765,4594,1
3175,4262,1
5022,3054,1
3049,1849,1
2143,3755,1
4262,1914,1
4395,3054,2
4241,671,1
4262,3054,1
812,3110,1
2427,3235,1
3757,1914,1
1125,479,1
1631,3779,1
2829,1125,1
2572,2012,1
291,3235,1
2757,2264,1
1840,4611,2
2781,3127,1
361,4956,1
3757,4205,1
3475,3356,1
4226,753,1
753,1985,1
1765,194,2
2572,3526,3
978,4456,1
3091,4738,1
4611,671,1
2572,1837,2
3515,3175,1
4594,3526,1
2572,2781,1
2781,3414,1
3919,1082,1
2143,2704,1
2572,2358,1
612,2004,1
2004,2704,1
2704,3491,1
3091,3826,1
635,2595,1
2595,3449,1
899,2203,1
4759,635,1
635,2704,1
2572,3356,1
2442,2572,1
3110,4759,1
1837,2704,1
2572,2991,1
4395,1627,1
407,2704,1
3515,2013,1
286,4620,1
151,904,2
1912,4611,1
4268,3110,1
1737,1226,1
2829,3449,1
3163,1449,3
4732,4268,2
4611,2929,2
3491,2949,1
3110,2949,1
4732,2556,1
2572,3439,1
1819,1840,2
151,2078,1
3491,4761,1
4268,291,1
2991,2078,1
2078,615,2
4956,2556,1
812,2556,1
3,2750,1
2991,2258,2
3966,2078,1
1235,2572,1
3190,2358,1
2078,2732,1
2572,4437,1
3449,3449,1
4956,2078,1
3692,4911,1
3515,3139,1
3139,3491,1
3966,4594,1
1631,909,2
2703,2078,1
2078,2865,1
1381,4456,2
1995,4456,1
1747,1837,1
1125,3414,1
3449,3779,1
4456,2757,1
2329,3966,1
2385,2184,1
1221,1381,1
3919,93,1
4241,4611,2
4909,2929,2
4395,916,1
4262,3175,1
3175,2703,1
3718,479,1
1849,2786,1
2786,2771,1
4909,3491,1
286,1381,1
1747,2184,1
4205,2329,1
1449,2013,1
3757,4395,1
3,3049,1
93,4456,1
1837,4580,1
1985,2004,1
4241,2275,1
1139,3966,1
3966,2865,1
1676,1235,1
1078,2737,1
2737,3491,1
101,2427,1
3755,899,1
3127,4761,1
899,437,1
671,244,1
2786,1367,1
2750,909,1
615,3049,1
612,3,1
4268,4241,1
3110,4268,1
4426,912,3
1125,2771,1
3755,615,1
978,2929,1
2004,1765,1
1235,4426,1
3190,2757,1
437,227,1
1995,2829,1
3071,1849,1
227,1125,1
4437,978,1
3763,4761,1
3071,2986,2
1345,4964,1
3515,1563,1
554,990,1
2258,4911,1
4911,1995,2
1995,634,1
2991,184,1
812,671,1
2781,909,1
220,4909,1
4909,3321,1
3515,1449,1
1449,2173,1
3235,1449,1
1449,2203,1
2143,407,2
93,4911,1
612,291,1
4611,1995,1
554,2732,2
3700,4241,1
2378,3449,1
1995,2584,1
2584,554,1
4395,479,2
2308,3414,1
2572,3110,1
2442,2425,1
4594,812,1
912,3755,1
671,2991,1
2991,1345,1
1345,634,1
1765,634,1
978,2732,2
4761,3458,1
812,194,1
3110,4241,1
4241,2751,1
1676,3526,2
812,2832,1
1840,3700,1
3071,3301,1
4761,904,2
2378,2258,2
2143,2203,1
2327,3458,1
3054,2275,1
3356,1912,1
1912,4761,1
4205,1837,2
3163,1912,2
4205,4911,1
2258,5022,2
5022,2703,1
2258,2856,1
4761,2949,1
2378,479,1
2732,3414,1
5022,4456,1
1676,4761,1
3491,3449,1
2212,1849,1
4205,4073,1
4073,1526,3
1403,4849,1
4759,2212,1
1840,3491,1
4761,4761,1
1082,4205,1
2066,2173,1
1221,4395,1
4909,3751,1
3475,3414,1
3175,2750,1
634,4761,1
634,612,1
4761,4738,1
2786,3526,2
2703,4205,2
3356,978,1
2378,612,1
3,286,1
1125,1200,1
3110,4395,1
1125,990,1
2986,3301,1
3301,1840,1
184,1965,1
2427,2929,1
2329,151,1
904,151,1
2329,4395,1
3235,1912,1
4611,904,1
407,1200,1
1676,2986,1
3449,2584,2
1676,1200,1
5022,1912,1
4773,899,1
909,978,1
978,1200,1
5001,4849,1
4849,1965,1
904,184,1
5001,3049,1
2751,4920,1
4395,4920,2
2385,3049,1
904,4920,2
4920,437,4
437,753,1
2832,4920,6
4920,3235,1
4920,759,1
4611,4920,4
759,904,1
4920,4395,12
1631,151,1
634,2732,2
4920,4620,1
4909,1837,1
4920,2703,2
2385,4738,1
3526,2556,1
2572,3054,1
2329,1563,1
3449,2539,1
1965,4920,2
4920,3718,1
1221,4920,1
3449,1912,1
4732,1381,2
634,3966,6
1125,4732,1
4073,4920,1
4909,3919,1
4956,4920,2
2358,4920,1
1221,2595,1
2595,4268,1
3966,479,1
479,1235,1
4920,3190,1
386,4920,2
4611,3054,1
612,2584,1
2584,4611,1
4395,1914,1
1914,2584,1
1985,2143,1
425,4620,1
386,2329,1
2308,3127,1
4920,407,1
2027,2572,1
2442,1676,1
4231,4920,1
759,220,1
3449,4732,1
909,3035,2
4920,4005,1
4611,909,3
4677,2013,1
101,759,1
2829,3414,1
4773,2212,1
4262,4920,1
4483,2264,1
759,2829,1
2757,2066,1
2212,899,1
1235,4231,1
2442,4611,1
2703,899,1
2732,151,1
2786,3175,1
3755,194,1
194,2991,1
634,4920,2
4920,479,1
634,2258,1
2991,2929,1
4920,2991,1
3526,4920,2
1747,4920,1
4920,4596,1
4596,2027,1
1840,4920,1
1235,4594,1
4909,2358,2
759,2786,1
3755,3439,1
3439,4920,1
4920,3755,1
2264,3175,1
3110,4596,1
3763,194,1
2173,4920,1
4920,421,2
1676,3755,1
812,1676,1
4761,4395,1
151,2027,1
2027,4761,1
4611,1912,1
407,4920,1
4920,1226,2
5001,3414,1
4437,2066,1
227,1082,1
4920,2832,1
4677,671,1
2786,437,1
4920,3356,1
904,1840,1
5022,4920,1
4395,2584,1
1125,3957,1
2329,1965,1
4956,2258,1
2308,3049,1
2385,1837,1
4909,671,1
1139,4338,1
1078,407,1
3757,1837,1
909,1819,1
1221,2556,1
2556,4773,1
1078,2143,1
1965,2258,2
2143,1912,1
1912,1345,1
1819,3755,2
244,3356,1
3966,990,1
990,2556,1
1221,3491,1
3175,1125,1
2584,4437,1
2584,3526,2
1125,3700,1
990,978,1
912,4849,1
244,2212,1
1403,2929,1
1139,1078,1
2212,2358,1
4580,2786,1
4580,3356,1
3966,2771,1
2786,3356,1
2590,1125,1
1139,3110,2
2556,3763,1
3491,2929,1
4483,2027,1
2427,4738,1
1125,2929,1
3449,151,1
4262,151,1
151,1449,1
4073,4257,1
386,2856,1
1208,2991,1
1082,3700,1
1819,4911,2
437,407,1
437,2751,1
407,1914,1
1563,990,1
978,2829,1
3449,4904,1
4904,220,1
220,4911,2
904,273,1
3054,3110,1
3110,3321,1
990,4205,3
184,1995,1
2786,2856,1
2856,1995,1
2212,671,1
2212,2986,1
1995,3458,1
3458,2703,1
1125,1526,1
1995,3751,1
2203,2212,1
4395,3458,1
2329,407,1
407,3912,1
2212,3110,2
3110,2427,1
2258,2264,1
2212,2929,1
4594,990,2
990,4732,1
916,1912,2
3458,1235,1
1526,2703,2
2329,2991,1
1526,3190,1
4956,3491,1
3751,184,1
2258,2786,1
2329,2212,1
2212,2832,1
2751,2264,1
5001,3779,1
227,4268,1
4268,2751,2
1381,2865,3
4257,2378,1
2329,101,1
101,2751,1
1765,407,1
1914,2385,1
2751,2143,1
3127,4611,1
4964,615,1
2327,4761,1
3700,4759,1
1381,3755,1
1965,2929,1
220,2013,1
2066,93,1
2385,1765,1
4257,812,1
4773,2865,1
437,812,1
4005,291,1
4338,4241,1
1765,3321,1
2078,2066,1
1139,3439,1
3439,978,1
2078,1837,1
1912,2013,1
286,2425,1
4858,4426,1
3054,904,1
3301,2786,1
2308,3301,1
3966,4426,1
3301,3449,1
479,3700,1
2786,3491,1
4594,273,1
4005,753,1
3301,4338,1
1082,4911,1
1235,2329,1
3301,4483,2
4395,4620,1
2027,4395,1
4395,2173,1
2737,1381,2
3301,3235,4
3515,151,1
3966,1208,1
912,1125,1
4956,4437,1
194,1912,1
220,2066,1
2832,4858,1
286,1912,1
2425,2556,1
2556,4849,1
3301,437,1
3458,2378,1
1125,2143,1
2556,1139,3
4894,2327,1
1125,2750,1
3301,4226,3
4226,437,1
3301,2991,1
1840,634,1
2584,2750,2
3301,4773,1
4580,2264,1
4580,4226,1
1765,4005,1
437,2078,1
3355,1345,1
1367,1082,1
1837,2832,1
1840,2750,2
4226,1837,1
1125,4904,1
4226,4395,2
3235,2275,1
2786,1765,2
3515,4456,1
554,3110,1
3110,554,1
554,2329,1
2329,4226,1
4773,2276,1
3526,4226,5
4226,990,2
2258,3763,2
4738,2703,1
4226,4761,1
2929,899,1
4395,4761,1
4226,2832,1
479,3301,1
3301,916,1
1985,3526,1
1449,2004,1
2856,5001,1
194,2737,1
3110,151,1
1985,1965,1
227,3449,1
1403,1912,1
2781,2703,1
1765,990,1
3301,554,1
912,554,1
1819,2786,1
1367,3763,1
2584,2590,2
3491,615,1
4773,3235,2
3235,3110,2
4611,3190,1
2584,4073,1
286,2584,1
3301,4620,4
4620,3235,1
2737,2991,1
3966,3356,1
3757,4620,1
2308,990,1
990,2703,1
4849,4005,1
904,1235,1
4909,437,1
2737,407,1
407,4611,1
1912,2750,1
2308,286,1
2027,1914,1
286,3054,1
4773,3071,1
2757,93,1
2737,220,1
220,1914,1
3301,4241,1
1914,227,1
220,3700,1
4241,2786,1
2786,634,1
4738,1449,1
4732,1765,1
3091,4856,1
437,912,1
3,2986,1
4920,2949,1
4231,1226,1
3035,2556,1
3110,4580,1
4231,4964,1
4611,2832,1
1965,4437,1
4437,2991,1
4620,2781,1
2781,1965,1
3235,1914,4
2986,4073,1
912,2929,1
1840,1914,1
1381,3110,1
4620,615,1
421,1912,1
1985,2584,1
421,2732,1
1381,2425,1
1914,1381,1
978,2856,1
4594,2757,1
3755,3414,1
3301,1914,1
